MEME version 5

ALPHABET= ACGT

strands: +

Background letter frequencies
A 0.250000 C 0.250000 G 0.250000 T 0.250000

MOTIF A1CF_1 
letter-probability matrix: alength= 4 w= 10 nsites= 20 E= 0
 0.482515  0.000000  0.517485  0.000000 
 1.000000  0.000000  0.000000  0.000000 
 0.000000  0.000000  0.000000  1.000000 
 0.029478  0.942272  0.028250  0.000000 
 1.000000  0.000000  0.000000  0.000000 
 0.381000  0.111900  0.425300  0.081800 
 0.097938  0.000000  0.000000  0.902062 
 0.915963  0.044834  0.000000  0.039204 
 0.198403  0.000000  0.000000  0.801597 
 0.918367  0.039811  0.000000  0.041822 

MOTIF A1CF_2 
letter-probability matrix: alength= 4 w= 11 nsites= 20 E= 0
 1.000000  0.000000  0.000000  0.000000 
 0.000000  0.000000  1.000000  0.000000 
 0.455491  0.228246  0.000000  0.316263 
 0.000000  0.000000  0.248624  0.751376 
 0.055960  0.835155  0.108885  0.000000 
 0.000000  0.000000  1.000000  0.000000 
 0.000000  0.000000  1.000000  0.000000 
 0.600800  0.000000  0.399200  0.000000 
 0.000000  1.000000  0.000000  0.000000 
 0.067200  0.067200  0.067200  0.798400 
 0.090800  0.090800  0.727700  0.090700 

MOTIF ACIN1_1 
letter-probability matrix: alength= 4 w= 10 nsites= 20 E= 0
 0.000000  0.000000  0.000000  1.000000 
 0.000000  0.000000  0.000000  1.000000 
 0.000000  0.285714  0.000000  0.714286 
 0.171717  0.121212  0.000000  0.707071 
 0.000000  0.285714  0.000000  0.714286 
 0.000000  0.387755  0.000000  0.612245 
 0.171717  0.121212  0.000000  0.707071 
 0.000000  0.202020  0.090909  0.707071 
 0.090909  0.505051  0.000000  0.404040 
 0.141414  0.454545  0.000000  0.404040 

MOTIF ACIN1_2 
letter-probability matrix: alength= 4 w= 10 nsites= 20 E= 0
 0.050000  0.400000  0.050000  0.500000 
 0.285714  0.000000  0.000000  0.714286 
 0.252525  0.141414  0.606061  0.000000 
 0.505051  0.090909  0.404040  0.000000 
 0.714286  0.000000  0.000000  0.285714 
 0.081633  0.000000  0.918367  0.000000 
 0.505051  0.090909  0.404040  0.000000 
 0.505051  0.090909  0.404040  0.000000 
 0.353535  0.191919  0.454545  0.000000 
 0.404040  0.242424  0.353535  0.000000 

MOTIF ACO1_1 
letter-probability matrix: alength= 4 w= 6 nsites= 20 E= 0
 0.054545  0.636364  0.145455  0.163636 
 0.814815  0.055555  0.000000  0.129630 
 0.168381  0.000000  0.831619  0.000000 
 0.163636  0.072727  0.181818  0.581819 
 0.200000  0.127273  0.636363  0.036364 
 0.290909  0.400000  0.090909  0.218182 

MOTIF ADAR_1 
letter-probability matrix: alength= 4 w= 7 nsites= 20 E= 0
 0.000000  0.892471  0.043252  0.064277 
 0.969262  0.030738  0.000000  0.000000 
 0.148100  0.050200  0.606600  0.195100 
 0.000000  0.843497  0.123260  0.033243 
 0.272774  0.727226  0.000000  0.000000 
 0.061274  0.071286  0.000000  0.867441 
 0.027564  0.392075  0.580361  0.000000 

MOTIF ADAR_2 
letter-probability matrix: alength= 4 w= 7 nsites= 20 E= 0
 0.100110  0.699670  0.100110  0.100110 
 0.100110  0.100110  0.100110  0.699670 
 0.100110  0.699670  0.100110  0.100110 
 0.100110  0.100110  0.100110  0.699670 
 0.699670  0.100110  0.100110  0.100110 
 0.100110  0.699670  0.100110  0.100110 
 0.100110  0.100110  0.100110  0.699670 

MOTIF ADAR_3 
letter-probability matrix: alength= 4 w= 7 nsites= 20 E= 0
 0.847900  0.050700  0.050700  0.050700 
 0.847900  0.050700  0.050700  0.050700 
 0.350400  0.548200  0.050700  0.050700 
 0.847900  0.050700  0.050700  0.050700 
 0.050700  0.137600  0.050700  0.761000 
 0.350400  0.050700  0.548200  0.050700 
 0.050700  0.350400  0.548200  0.050700 

MOTIF ADAR_4 
letter-probability matrix: alength= 4 w= 9 nsites= 20 E= 0
 0.000000  0.000000  0.063358  0.936642 
 0.363336  0.457349  0.000000  0.179315 
 0.103100  0.050700  0.795500  0.050700 
 0.847900  0.050700  0.050700  0.050700 
 0.357900  0.050700  0.540700  0.050700 
 0.847900  0.050700  0.050700  0.050700 
 0.050700  0.847900  0.050700  0.050700 
 0.100110  0.699670  0.100110  0.100110 
 0.100110  0.699670  0.100110  0.100110 

MOTIF AGGF1_1 
letter-probability matrix: alength= 4 w= 11 nsites= 20 E= 0
 0.061800  0.521100  0.032900  0.384200 
 0.574900  0.076000  0.230500  0.118600 
 0.000000  0.930953  0.000000  0.069047 
 0.962884  0.000000  0.000000  0.037116 
 0.000000  0.921520  0.000000  0.078480 
 0.919443  0.036977  0.000000  0.043580 
 0.000000  0.947114  0.000000  0.052886 
 0.935234  0.028908  0.000000  0.035858 
 0.034100  0.789800  0.032900  0.143200 
 0.598300  0.147500  0.114000  0.140200 
 0.087100  0.534200  0.067100  0.311600 

MOTIF AGGF1_2 
letter-probability matrix: alength= 4 w= 7 nsites= 20 E= 0
 0.774435  0.000000  0.048613  0.176952 
 0.574937  0.000000  0.358530  0.066532 
 0.136700  0.031100  0.802000  0.030200 
 0.873994  0.000000  0.126006  0.000000 
 0.886377  0.000000  0.055511  0.058112 
 0.383395  0.000000  0.616605  0.000000 
 0.778577  0.098310  0.066507  0.056606 

MOTIF AGO1_1 
letter-probability matrix: alength= 4 w= 10 nsites= 20 E= 0
 0.000000  0.000000  0.000000  1.000000 
 0.000000  0.000000  1.000000  0.000000 
 1.000000  0.000000  0.000000  0.000000 
 0.000000  0.000000  1.000000  0.000000 
 0.000000  0.000000  1.000000  0.000000 
 0.000000  0.000000  0.000000  1.000000 
 1.000000  0.000000  0.000000  0.000000 
 0.000000  0.000000  1.000000  0.000000 
 0.000000  0.000000  0.000000  1.000000 
 1.000000  0.000000  0.000000  0.000000 

MOTIF AGO2_1 
letter-probability matrix: alength= 4 w= 10 nsites= 20 E= 0
 0.000000  0.000000  0.000000  1.000000 
 1.000000  0.000000  0.000000  0.000000 
 1.000000  0.000000  0.000000  0.000000 
 1.000000  0.000000  0.000000  0.000000 
 0.000000  0.000000  1.000000  0.000000 
 0.000000  0.000000  0.000000  1.000000 
 0.000000  0.000000  1.000000  0.000000 
 0.000000  1.000000  0.000000  0.000000 
 0.000000  0.000000  0.000000  1.000000 
 0.000000  0.000000  0.000000  1.000000 

MOTIF AGO2_2 
letter-probability matrix: alength= 4 w= 9 nsites= 20 E= 0
 1.000000  0.000000  0.000000  0.000000 
 1.000000  0.000000  0.000000  0.000000 
 1.000000  0.000000  0.000000  0.000000 
 1.000000  0.000000  0.000000  0.000000 
 1.000000  0.000000  0.000000  0.000000 
 1.000000  0.000000  0.000000  0.000000 
 1.000000  0.000000  0.000000  0.000000 
 1.000000  0.000000  0.000000  0.000000 
 1.000000  0.000000  0.000000  0.000000 

MOTIF AKAP1_1 
letter-probability matrix: alength= 4 w= 8 nsites= 20 E= 0
 1.000000  0.000000  0.000000  0.000000 
 0.000000  0.000000  0.000000  1.000000 
 1.000000  0.000000  0.000000  0.000000 
 0.000000  0.000000  0.000000  1.000000 
 1.000000  0.000000  0.000000  0.000000 
 0.000000  0.000000  0.000000  1.000000 
 1.000000  0.000000  0.000000  0.000000 
 0.000000  0.000000  0.000000  1.000000 

MOTIF AKAP8_1 
letter-probability matrix: alength= 4 w= 6 nsites= 20 E= 0
 0.000000  0.000000  1.000000  0.000000 
 0.000000  0.000000  1.000000  0.000000 
 0.000000  0.000000  1.000000  0.000000 
 0.333333  0.000000  0.333333  0.333333 
 0.500000  0.000000  0.000000  0.500000 
 0.000000  0.000000  0.500000  0.500000 

MOTIF ANKHD1_1 
letter-probability matrix: alength= 4 w= 7 nsites= 20 E= 0
 0.773203  0.075599  0.075599  0.075599 
 0.000000  0.000000  1.000000  0.000000 
 1.000000  0.000000  0.000000  0.000000 
 0.000000  1.000000  0.000000  0.000000 
 0.000000  0.000000  1.000000  0.000000 
 0.229799  0.102530  0.000000  0.667671 
 0.427754  0.079309  0.099730  0.393206 

MOTIF AUH_1 
letter-probability matrix: alength= 4 w= 6 nsites= 20 E= 0
 0.058239  0.000000  0.766335  0.175426 
 0.000000  0.038892  0.903177  0.057931 
 0.028507  0.000000  0.166158  0.805335 
 0.000000  0.550731  0.000000  0.449269 
 0.099300  0.236800  0.221600  0.442300 
 0.028597  0.620338  0.170683  0.180382 

MOTIF AUH_2 
letter-probability matrix: alength= 4 w= 11 nsites= 20 E= 0
 0.113800  0.136500  0.363500  0.386200 
 0.386200  0.204600  0.227300  0.181900 
 0.813530  0.000000  0.070003  0.116467 
 0.068414  0.000000  0.091118  0.840468 
 0.000000  0.046771  0.906459  0.046771 
 0.953215  0.000000  0.046785  0.000000 
 0.000000  0.070025  0.929975  0.000000 
 0.045709  0.000000  0.136527  0.817764 
 0.045709  0.000000  0.863173  0.091118 
 0.181900  0.204600  0.363500  0.250000 
 0.204600  0.181900  0.477000  0.136500 

MOTIF BCCIP_1 
letter-probability matrix: alength= 4 w= 10 nsites= 20 E= 0
 0.205479  0.152055  0.433562  0.208904 
 0.193836  0.123973  0.448630  0.233562 
 0.085616  0.201370  0.567809  0.145205 
 0.900970  0.000000  0.065789  0.033241 
 0.028276  0.000000  0.971724  0.000000 
 0.039716  0.000000  0.960284  0.000000 
 0.050069  0.162031  0.787900  0.000000 
 0.924463  0.000000  0.035344  0.040194 
 0.000000  0.000000  1.000000  0.000000 
 0.213014  0.163699  0.504794  0.118493 

MOTIF BOLL_1 
letter-probability matrix: alength= 4 w= 6 nsites= 20 E= 0
 0.051995  0.051795  0.051495  0.844715 
 0.224722  0.067707  0.489849  0.217722 
 0.158048  0.129839  0.000000  0.712113 
 0.030097  0.029197  0.781622  0.159084 
 0.000000  0.000000  0.000000  1.000000 
 0.038111  0.000000  0.000000  0.961889 

MOTIF BOLL_2 
letter-probability matrix: alength= 4 w= 6 nsites= 20 E= 0
 0.028403  0.028403  0.028203  0.914991 
 0.000000  0.000000  0.000000  1.000000 
 0.560656  0.121012  0.130913  0.187419 
 0.137000  0.051200  0.204000  0.607800 
 0.000000  0.000000  0.000000  1.000000 
 0.088200  0.088000  0.088000  0.735800 

MOTIF BOLL_3 
letter-probability matrix: alength= 4 w= 7 nsites= 20 E= 0
 0.541653  0.136514  0.166717  0.155116 
 0.028606  0.000000  0.060112  0.911282 
 0.000000  0.000000  0.091045  0.908955 
 0.027214  0.000000  0.000000  0.972786 
 0.128200  0.038800  0.044500  0.788500 
 0.136400  0.050700  0.050700  0.762200 
 0.295400  0.167600  0.139500  0.397500 

MOTIF BUD13_1 
letter-probability matrix: alength= 4 w= 7 nsites= 20 E= 0
 0.074827  0.000000  0.044453  0.880720 
 0.000000  0.056196  0.879143  0.064661 
 0.766000  0.090800  0.088100  0.055100 
 0.060618  0.000000  0.082625  0.856757 
 0.000000  0.000000  0.963274  0.036726 
 0.081387  0.031005  0.887608  0.000000 
 0.889500  0.035900  0.038700  0.035900 

MOTIF BUD13_2 
letter-probability matrix: alength= 4 w= 10 nsites= 20 E= 0
 0.250000  0.148700  0.108800  0.492500 
 0.134187  0.264474  0.094391  0.506948 
 0.000000  0.000000  0.000000  1.000000 
 0.000000  0.000000  0.000000  1.000000 
 0.097990  0.503349  0.134187  0.264474 
 0.130600  0.090700  0.680700  0.098000 
 1.000000  0.000000  0.000000  0.000000 
 0.970027  0.000000  0.029973  0.000000 
 0.041468  0.958532  0.000000  0.000000 
 0.405600  0.224700  0.061800  0.307900 

MOTIF BUD13_3 
letter-probability matrix: alength= 4 w= 8 nsites= 20 E= 0
 0.231223  0.572057  0.156516  0.040204 
 0.930688  0.000000  0.034808  0.034504 
 0.030600  0.000000  0.969400  0.000000 
 0.000000  0.000000  1.000000  0.000000 
 0.000000  0.000000  0.000000  1.000000 
 0.708888  0.042356  0.248755  0.000000 
 0.766576  0.065007  0.079008  0.089409 
 0.076100  0.109100  0.746400  0.068400 

MOTIF BUD13_4 
letter-probability matrix: alength= 4 w= 7 nsites= 20 E= 0
 0.066800  0.105700  0.073400  0.754100 
 0.000000  0.041784  0.000000  0.958216 
 0.000000  0.000000  0.000000  1.000000 
 0.069000  0.098800  0.371100  0.461100 
 0.054400  0.794400  0.060700  0.090500 
 0.947654  0.000000  0.000000  0.052346 
 0.030437  0.000000  0.936504  0.033058 

MOTIF CAPRIN1_1 
letter-probability matrix: alength= 4 w= 10 nsites= 20 E= 0
 0.500000  0.000000  0.000000  0.500000 
 0.250125  0.000000  0.000000  0.749875 
 0.500000  0.000000  0.000000  0.500000 
 0.250125  0.000000  0.000000  0.749875 
 1.000000  0.000000  0.000000  0.000000 
 1.000000  0.000000  0.000000  0.000000 
 1.000000  0.000000  0.000000  0.000000 
 0.250125  0.000000  0.000000  0.749875 
 0.500000  0.000000  0.000000  0.500000 
 0.500000  0.000000  0.000000  0.500000 

MOTIF CBX7_1 
letter-probability matrix: alength= 4 w= 15 nsites= 20 E= 0
 0.000000  0.000000  0.000000  1.000000 
 0.000000  0.000000  1.000000  0.000000 
 0.000000  0.000000  0.000000  1.000000 
 0.000000  0.000000  1.000000  0.000000 
 0.000000  0.000000  0.000000  1.000000 
 0.000000  0.000000  1.000000  0.000000 
 0.000000  0.000000  0.000000  1.000000 
 0.000000  0.000000  1.000000  0.000000 
 0.000000  0.000000  0.000000  1.000000 
 0.000000  0.000000  1.000000  0.000000 
 0.000000  0.000000  0.000000  1.000000 
 0.000000  0.000000  1.000000  0.000000 
 0.000000  0.000000  0.000000  1.000000 
 0.000000  0.000000  1.000000  0.000000 
 0.000000  0.000000  0.000000  1.000000 

MOTIF CDC40_1 
letter-probability matrix: alength= 4 w= 10 nsites= 20 E= 0
 0.122600  0.102200  0.408000  0.367200 
 0.346869  0.000000  0.326565  0.326565 
 0.000000  0.000000  1.000000  0.000000 
 0.000000  0.000000  1.000000  0.000000 
 0.000000  0.000000  1.000000  0.000000 
 0.734421  0.183755  0.081824  0.000000 
 0.081800  0.081800  0.285700  0.550700 
 0.872119  0.000000  0.127881  0.000000 
 0.081841  0.918159  0.000000  0.000000 
 0.387561  0.306069  0.142986  0.163384 

MOTIF CDC40_2 
letter-probability matrix: alength= 4 w= 10 nsites= 20 E= 0
 0.000000  1.000000  0.000000  0.000000 
 0.083800  0.522400  0.028800  0.365000 
 0.124512  0.114411  0.057306  0.703771 
 0.000000  0.066127  0.101063  0.832810 
 0.810443  0.000000  0.077524  0.112033 
 0.524810  0.000000  0.437462  0.037728 
 0.041515  0.483495  0.000000  0.474990 
 0.156916  0.446145  0.130413  0.266527 
 0.195520  0.162816  0.503250  0.138414 
 0.000000  0.000000  0.942671  0.057329 

MOTIF CELF1_1 
letter-probability matrix: alength= 4 w= 7 nsites= 20 E= 0
 0.082696  0.043336  0.000000  0.873968 
 0.065858  0.000000  0.807014  0.127128 
 0.000000  0.000000  0.000000  1.000000 
 0.027100  0.102800  0.650500  0.219600 
 0.000000  0.000000  0.000000  1.000000 
 0.000000  0.000000  1.000000  0.000000 
 0.000000  0.000000  0.000000  1.000000 

MOTIF CELF2_1 
letter-probability matrix: alength= 4 w= 7 nsites= 20 E= 0
 0.000000  0.000000  0.000000  1.000000 
 0.228023  0.324932  0.113111  0.333933 
 0.000000  0.000000  0.000000  1.000000 
 0.752500  0.025200  0.187100  0.035200 
 0.000000  0.000000  0.000000  1.000000 
 0.000000  0.000000  1.000000  0.000000 
 0.000000  0.000000  0.000000  1.000000 

MOTIF CELF2_2 
letter-probability matrix: alength= 4 w= 6 nsites= 20 E= 0
 0.100821  0.000000  0.399780  0.499399 
 0.183618  0.084108  0.183618  0.548656 
 0.133900  0.050900  0.357800  0.457400 
 0.000000  0.000000  0.366944  0.633056 
 0.000000  0.042651  0.466159  0.491189 
 0.000000  0.042651  0.266920  0.690429 

MOTIF CELF4_1 
letter-probability matrix: alength= 4 w= 7 nsites= 20 E= 0
 0.085063  0.085063  0.175952  0.653922 
 0.000000  0.000000  0.797383  0.202617 
 0.000000  0.000000  0.000000  1.000000 
 0.000000  0.000000  0.785061  0.214939 
 0.000000  0.000000  0.107437  0.892563 
 0.000000  0.000000  0.684664  0.315336 
 0.083101  0.083101  0.264548  0.569250 

MOTIF CELF5_1 
letter-probability matrix: alength= 4 w= 7 nsites= 20 E= 0
 0.083964  0.083964  0.083964  0.748108 
 0.000000  0.000000  0.898411  0.101589 
 0.000000  0.000000  0.000000  1.000000 
 0.000000  0.000000  0.788577  0.211423 
 0.000000  0.000000  0.098096  0.901904 
 0.000000  0.000000  0.749479  0.250521 
 0.057167  0.057167  0.228839  0.656827 

MOTIF CELF6_1 
letter-probability matrix: alength= 4 w= 7 nsites= 20 E= 0
 0.060327  0.060327  0.060327  0.819019 
 0.000000  0.000000  1.000000  0.000000 
 0.000000  0.000000  0.000000  1.000000 
 0.000000  0.000000  0.881381  0.118619 
 0.205219  0.000000  0.405923  0.388858 
 0.000000  0.000000  0.491062  0.508938 
 0.060273  0.060273  0.731747  0.147707 

MOTIF CNBP_1 
letter-probability matrix: alength= 4 w= 8 nsites= 20 E= 0
 0.000000  1.000000  0.000000  0.000000 
 0.000000  0.000000  0.000000  1.000000 
 0.000000  0.000000  1.000000  0.000000 
 0.000000  0.000000  0.500000  0.500000 
 0.000000  0.000000  1.000000  0.000000 
 0.000000  0.000000  1.000000  0.000000 
 0.500000  0.500000  0.000000  0.000000 
 0.000000  0.500000  0.000000  0.500000 

MOTIF CNBP_2 
letter-probability matrix: alength= 4 w= 8 nsites= 20 E= 0
 0.000000  1.000000  0.000000  0.000000 
 0.250050  0.250050  0.000000  0.499900 
 0.000000  0.000000  1.000000  0.000000 
 0.000000  0.000000  1.000000  0.000000 
 1.000000  0.000000  0.000000  0.000000 
 0.250125  0.000000  0.749875  0.000000 
 0.125100  0.374900  0.374900  0.125100 
 0.416625  0.166750  0.000000  0.416625 

MOTIF CNOT4_1 
letter-probability matrix: alength= 4 w= 7 nsites= 20 E= 0
 0.119312  0.038104  0.804480  0.038104 
 0.000000  0.858329  0.141671  0.000000 
 0.000000  0.367811  0.069121  0.563069 
 0.000000  1.000000  0.000000  0.000000 
 0.000000  1.000000  0.000000  0.000000 
 0.000000  0.933566  0.066434  0.000000 
 0.183218  0.268727  0.437744  0.110311 

MOTIF CPEB1_1 
letter-probability matrix: alength= 4 w= 6 nsites= 20 E= 0
 0.103590  0.119488  0.044996  0.731926 
 0.000000  0.000000  0.000000  1.000000 
 0.000000  0.000000  0.000000  1.000000 
 0.000000  0.000000  0.000000  1.000000 
 0.000000  0.028043  0.000000  0.971957 
 0.881888  0.047205  0.038204  0.032703 

MOTIF CPEB2_1 
letter-probability matrix: alength= 4 w= 7 nsites= 20 E= 0
 0.032879  0.796091  0.032879  0.138151 
 0.279875  0.220095  0.000000  0.500030 
 0.105204  0.097038  0.000000  0.797758 
 0.000000  0.000000  0.000000  1.000000 
 0.000000  0.000000  0.000000  1.000000 
 0.000000  0.000000  0.000000  1.000000 
 0.032710  0.032710  0.214375  0.720205 

MOTIF CPEB4_1 
letter-probability matrix: alength= 4 w= 6 nsites= 20 E= 0
 0.053948  0.535747  0.000000  0.410306 
 0.000000  0.000000  0.000000  1.000000 
 0.000000  0.000000  0.000000  1.000000 
 0.000000  0.000000  0.000000  1.000000 
 0.492739  0.000000  0.050726  0.456535 
 0.030797  0.030797  0.030797  0.907609 

MOTIF CPSF6_1 
letter-probability matrix: alength= 4 w= 11 nsites= 20 E= 0
 0.309609  0.060498  0.341637  0.288256 
 0.188612  0.103203  0.533808  0.174377 
 0.913358  0.000000  0.046931  0.039711 
 0.444444  0.000000  0.476703  0.078853 
 0.047794  0.000000  0.952206  0.000000 
 0.865454  0.000000  0.134546  0.000000 
 0.809353  0.000000  0.100719  0.089928 
 0.054546  0.061818  0.883636  0.000000 
 0.793594  0.049822  0.106762  0.049822 
 0.313167  0.138790  0.309609  0.238434 
 0.245552  0.120996  0.498221  0.135231 

MOTIF CPSF7_1 
letter-probability matrix: alength= 4 w= 6 nsites= 20 E= 0
 0.000000  0.500000  0.000000  0.500000 
 0.000000  0.000000  0.000000  1.000000 
 0.000000  0.000000  1.000000  0.000000 
 0.000000  0.000000  0.000000  1.000000 
 1.000000  0.000000  0.000000  0.000000 
 0.333333  0.333333  0.000000  0.333333 

MOTIF CSTF2_1 
letter-probability matrix: alength= 4 w= 6 nsites= 20 E= 0
 1.000000  0.000000  0.000000  0.000000 
 1.000000  0.000000  0.000000  0.000000 
 0.000000  0.000000  0.000000  1.000000 
 1.000000  0.000000  0.000000  0.000000 
 1.000000  0.000000  0.000000  0.000000 
 1.000000  0.000000  0.000000  0.000000 

MOTIF CSTF2_2 
letter-probability matrix: alength= 4 w= 10 nsites= 20 E= 0
 0.041096  0.050695  0.801820  0.106389 
 0.000000  0.000000  0.000000  1.000000 
 0.000000  0.122055  0.849327  0.028618 
 0.000000  0.000000  0.000000  1.000000 
 0.000000  0.044316  0.955684  0.000000 
 0.000000  0.000000  0.000000  1.000000 
 0.000000  0.135149  0.834886  0.029966 
 0.000000  0.000000  0.000000  1.000000 
 0.033800  0.041100  0.070900  0.854200 
 0.046500  0.047100  0.289600  0.616800 

MOTIF CSTF2T_1 
letter-probability matrix: alength= 4 w= 8 nsites= 20 E= 0
 1.000000  0.000000  0.000000  0.000000 
 1.000000  0.000000  0.000000  0.000000 
 0.000000  0.000000  0.000000  1.000000 
 0.500000  0.000000  0.500000  0.000000 
 0.500000  0.000000  0.000000  0.500000 
 0.499900  0.250050  0.250050  0.000000 
 0.000000  0.000000  0.000000  1.000000 
 0.000000  0.333333  0.333333  0.333333 

MOTIF CSTF2T_2 
letter-probability matrix: alength= 4 w= 10 nsites= 20 E= 0
 0.164884  0.129087  0.487351  0.218678 
 0.063300  0.200100  0.641500  0.095100 
 0.832787  0.000000  0.098361  0.068852 
 0.000000  0.000000  1.000000  0.000000 
 0.000000  0.000000  1.000000  0.000000 
 0.047056  0.025952  0.926992  0.000000 
 0.891850  0.000000  0.052178  0.055971 
 0.000000  0.000000  1.000000  0.000000 
 0.204300  0.184800  0.531700  0.079200 
 0.233623  0.200620  0.448745  0.117012 

MOTIF DAZ3_1 
letter-probability matrix: alength= 4 w= 6 nsites= 20 E= 0
 0.430157  0.206779  0.156084  0.206979 
 0.123200  0.707200  0.042400  0.127200 
 0.804118  0.083086  0.000000  0.112796 
 0.000000  0.000000  0.963381  0.036619 
 0.000000  0.000000  0.000000  1.000000 
 0.000000  0.000000  0.000000  1.000000 

MOTIF DAZ3_2 
letter-probability matrix: alength= 4 w= 7 nsites= 20 E= 0
 0.071300  0.073500  0.814800  0.040400 
 0.000000  0.000000  0.000000  1.000000 
 0.000000  0.000000  0.038761  0.961239 
 0.104690  0.029397  0.051495  0.814418 
 0.126700  0.090000  0.164300  0.619000 
 0.185719  0.109611  0.143314  0.561356 
 0.189200  0.181300  0.155500  0.474000 

MOTIF DAZ3_3 
letter-probability matrix: alength= 4 w= 7 nsites= 20 E= 0
 0.154015  0.473947  0.156916  0.215122 
 0.615400  0.097200  0.123300  0.164100 
 0.522700  0.174700  0.027400  0.275200 
 0.000000  0.000000  0.970585  0.029415 
 0.000000  0.000000  0.000000  1.000000 
 0.000000  0.000000  0.000000  1.000000 
 0.721800  0.069800  0.064100  0.144300 

MOTIF DAZ3_4 
letter-probability matrix: alength= 4 w= 7 nsites= 20 E= 0
 0.027138  0.000000  0.946628  0.026233 
 0.000000  0.000000  0.000000  1.000000 
 0.000000  0.000000  0.000000  1.000000 
 0.114923  0.188438  0.000000  0.696639 
 0.740474  0.075008  0.111411  0.073107 
 0.530253  0.183018  0.141514  0.145215 
 0.485900  0.144300  0.199400  0.170400 

MOTIF DAZAP1_1 
letter-probability matrix: alength= 4 w= 7 nsites= 20 E= 0
 0.073593  0.031997  0.031897  0.862513 
 0.949948  0.000000  0.000000  0.050052 
 0.705000  0.025000  0.173600  0.096400 
 0.073307  0.120212  0.212821  0.593660 
 0.276100  0.082200  0.051100  0.590600 
 0.123274  0.000000  0.000000  0.876726 
 0.894900  0.028300  0.048600  0.028200 

MOTIF DAZAP1_2 
letter-probability matrix: alength= 4 w= 8 nsites= 20 E= 0
 0.615100  0.140900  0.112700  0.131300 
 0.000000  0.000000  0.000000  1.000000 
 1.000000  0.000000  0.000000  0.000000 
 0.113300  0.081300  0.727800  0.077600 
 0.739900  0.070000  0.076900  0.113200 
 0.040054  0.000000  0.000000  0.959946 
 0.966419  0.000000  0.000000  0.033581 
 0.000000  0.000000  0.000000  1.000000 

MOTIF DAZAP1_3 
letter-probability matrix: alength= 4 w= 9 nsites= 20 E= 0
 1.000000  0.000000  0.000000  0.000000 
 0.000000  0.000000  1.000000  0.000000 
 0.000000  0.000000  0.000000  1.000000 
 1.000000  0.000000  0.000000  0.000000 
 0.057181  0.000000  0.942819  0.000000 
 0.064529  0.000000  0.829373  0.106099 
 0.204577  0.000000  0.100770  0.694653 
 0.694653  0.000000  0.099453  0.205894 
 0.337100  0.059500  0.543900  0.059500 

MOTIF DAZAP1_4 
letter-probability matrix: alength= 4 w= 6 nsites= 20 E= 0
 0.000000  0.000000  1.000000  0.000000 
 0.000000  0.000000  0.000000  1.000000 
 1.000000  0.000000  0.000000  0.000000 
 1.000000  0.000000  0.000000  0.000000 
 0.000000  1.000000  0.000000  0.000000 
 0.000000  0.000000  1.000000  0.000000 

MOTIF DDX3X_1 
letter-probability matrix: alength= 4 w= 6 nsites= 20 E= 0
 0.000000  0.058283  0.941717  0.000000 
 0.032000  0.880400  0.055400  0.032200 
 0.040896  0.467953  0.416458  0.074693 
 0.000000  0.046663  0.918138  0.035199 
 0.000000  0.915752  0.056606  0.027642 
 0.042196  0.564144  0.285371  0.108289 

MOTIF DDX3X_2 
letter-probability matrix: alength= 4 w= 9 nsites= 20 E= 0
 0.000000  0.878917  0.051893  0.069190 
 0.051005  0.034103  0.779178  0.135714 
 0.000000  0.000000  1.000000  0.000000 
 0.000000  0.118836  0.051015  0.830149 
 0.677568  0.051005  0.220422  0.051005 
 0.034100  0.034100  0.897700  0.034100 
 0.000000  0.965883  0.000000  0.034117 
 0.135700  0.288100  0.237300  0.338900 
 0.135700  0.118800  0.559000  0.186500 

MOTIF DDX6_1 
letter-probability matrix: alength= 4 w= 12 nsites= 20 E= 0
 0.207900  0.112500  0.056400  0.623200 
 0.134913  0.112511  0.028303  0.724273 
 0.000000  0.035100  0.000000  0.964900 
 0.065400  0.051500  0.077900  0.805200 
 0.053900  0.079600  0.662500  0.204000 
 0.000000  0.000000  0.000000  1.000000 
 0.447864  0.000000  0.510734  0.041403 
 0.131800  0.728200  0.067100  0.072900 
 0.865614  0.027197  0.050695  0.056494 
 0.142800  0.068400  0.183900  0.604900 
 0.167600  0.114400  0.568900  0.149100 
 0.055800  0.710900  0.081700  0.151600 

MOTIF DDX19B_1 
letter-probability matrix: alength= 4 w= 7 nsites= 20 E= 0
 0.000000  0.000000  0.000000  1.000000 
 0.000000  0.000000  0.000000  1.000000 
 0.000000  0.000000  0.000000  1.000000 
 0.000000  0.000000  0.000000  1.000000 
 0.000000  0.000000  0.000000  1.000000 
 0.000000  0.000000  0.000000  1.000000 
 0.000000  0.000000  0.000000  1.000000 

MOTIF DDX24_1 
letter-probability matrix: alength= 4 w= 9 nsites= 20 E= 0
 0.303470  0.098390  0.232177  0.365963 
 0.205421  0.178618  0.446245  0.169717 
 0.917711  0.000000  0.054792  0.027498 
 0.883566  0.000000  0.044813  0.071621 
 0.062700  0.027000  0.883300  0.027000 
 0.829800  0.035900  0.080500  0.053800 
 0.963427  0.000000  0.000000  0.036573 
 0.187600  0.660300  0.125100  0.027000 
 0.627050  0.318159  0.000000  0.054792 

MOTIF DDX24_2 
letter-probability matrix: alength= 4 w= 8 nsites= 20 E= 0
 0.695800  0.129600  0.149600  0.025000 
 0.369737  0.039504  0.534953  0.055806 
 0.000000  0.000000  1.000000  0.000000 
 0.091261  0.000000  0.048224  0.860515 
 0.812100  0.044300  0.075200  0.068400 
 0.547355  0.032803  0.054505  0.365337 
 0.000000  0.000000  0.948132  0.051868 
 0.081708  0.108811  0.202420  0.607061 

MOTIF DDX54_1 
letter-probability matrix: alength= 4 w= 8 nsites= 20 E= 0
 1.000000  0.000000  0.000000  0.000000 
 1.000000  0.000000  0.000000  0.000000 
 0.000000  0.000000  1.000000  0.000000 
 1.000000  0.000000  0.000000  0.000000 
 1.000000  0.000000  0.000000  0.000000 
 0.000000  0.000000  1.000000  0.000000 
 1.000000  0.000000  0.000000  0.000000 
 1.000000  0.000000  0.000000  0.000000 

MOTIF DDX54_2 
letter-probability matrix: alength= 4 w= 6 nsites= 20 E= 0
 0.000000  0.501955  0.498045  0.000000 
 1.000000  0.000000  0.000000  0.000000 
 1.000000  0.000000  0.000000  0.000000 
 0.000000  0.000000  1.000000  0.000000 
 0.459950  0.000000  0.000000  0.540050 
 0.000000  0.000000  0.000000  1.000000 

MOTIF DDX55_1 
letter-probability matrix: alength= 4 w= 9 nsites= 20 E= 0
 0.244424  0.055706  0.188919  0.510951 
 0.255600  0.211100  0.122300  0.411000 
 0.000000  0.000000  0.000000  1.000000 
 0.066807  0.033503  0.832883  0.066807 
 0.000000  0.953840  0.000000  0.046160 
 0.067584  0.000000  0.000000  0.932416 
 0.000000  0.000000  0.908933  0.091067 
 0.044604  0.044604  0.055706  0.855086 
 0.692992  0.000000  0.125115  0.181893 

MOTIF DDX55_2 
letter-probability matrix: alength= 4 w= 7 nsites= 20 E= 0
 0.852726  0.000000  0.000000  0.147274 
 0.000000  0.030051  0.059899  0.910051 
 0.059018  0.896669  0.000000  0.044313 
 0.926078  0.029609  0.000000  0.044313 
 0.073722  0.000000  0.029609  0.896669 
 0.029603  0.073707  0.720172  0.176518 
 0.044304  0.029603  0.073707  0.852386 

MOTIF DDX55_3 
letter-probability matrix: alength= 4 w= 11 nsites= 20 E= 0
 0.151600  0.212200  0.181900  0.454300 
 0.151600  0.181900  0.212200  0.454300 
 0.030509  0.000000  0.060818  0.908673 
 0.848155  0.000000  0.030509  0.121336 
 0.000000  0.696709  0.030509  0.272782 
 0.060794  0.091091  0.666233  0.181882 
 0.000000  0.969485  0.030515  0.000000 
 0.000000  0.000000  0.000000  1.000000 
 0.030509  0.908673  0.060818  0.000000 
 0.091091  0.393761  0.091091  0.424058 
 0.121300  0.393800  0.151600  0.333300 

MOTIF DDX55_4 
letter-probability matrix: alength= 4 w= 7 nsites= 20 E= 0
 0.843516  0.049395  0.039596  0.067493 
 0.058680  0.813977  0.000000  0.127343 
 0.000000  0.029248  0.000000  0.970752 
 0.447578  0.000000  0.027182  0.525240 
 0.049215  0.029609  0.000000  0.921176 
 0.053000  0.392900  0.374000  0.180100 
 0.204500  0.106600  0.092200  0.596700 

MOTIF DDX55_5 
letter-probability matrix: alength= 4 w= 10 nsites= 20 E= 0
 0.078600  0.254900  0.196100  0.470400 
 0.000000  0.879783  0.000000  0.120217 
 0.080188  0.080188  0.000000  0.839625 
 0.098220  0.803561  0.098220  0.000000 
 0.000000  0.960580  0.000000  0.039420 
 0.000000  1.000000  0.000000  0.000000 
 0.862186  0.059006  0.039404  0.039404 
 0.744600  0.078600  0.078600  0.098200 
 0.117788  0.235276  0.333267  0.313669 
 0.235300  0.235300  0.117800  0.411600 

MOTIF DDX55_6 
letter-probability matrix: alength= 4 w= 9 nsites= 20 E= 0
 0.032503  0.078808  0.113011  0.775678 
 0.032503  0.056606  0.056606  0.854285 
 0.000000  0.044080  0.441617  0.514303 
 0.000000  0.039252  0.000000  0.960748 
 0.066207  0.688769  0.072107  0.172917 
 0.117900  0.046000  0.549500  0.286600 
 0.000000  0.000000  0.498968  0.501032 
 0.028503  0.141614  0.146315  0.683568 
 0.103900  0.089800  0.143600  0.662700 

MOTIF DDX58_1 
letter-probability matrix: alength= 4 w= 6 nsites= 20 E= 0
 0.000000  0.000000  1.000000  0.000000 
 0.000000  1.000000  0.000000  0.000000 
 0.000000  0.000000  1.000000  0.000000 
 0.000000  1.000000  0.000000  0.000000 
 0.000000  0.000000  1.000000  0.000000 
 0.000000  1.000000  0.000000  0.000000 

MOTIF DDX59_1 
letter-probability matrix: alength= 4 w= 11 nsites= 20 E= 0
 0.113208  0.403774  0.083019  0.400000 
 0.056604  0.418868  0.071698  0.452830 
 0.034483  0.965517  0.000000  0.000000 
 0.000000  1.000000  0.000000  0.000000 
 0.000000  1.000000  0.000000  0.000000 
 0.381132  0.267925  0.041509  0.309434 
 0.000000  0.117871  0.038023  0.844106 
 0.000000  0.920755  0.045283  0.033962 
 0.000000  0.683019  0.000000  0.316981 
 0.060377  0.584906  0.049057  0.305660 
 0.037736  0.467925  0.094340  0.400000 

MOTIF DGCR8_1 
letter-probability matrix: alength= 4 w= 11 nsites= 20 E= 0
 0.180556  0.180556  0.166667  0.472222 
 0.250000  0.166667  0.055556  0.527777 
 0.027778  0.027778  0.041667  0.902777 
 0.000000  0.000000  0.000000  1.000000 
 0.027778  0.069444  0.722222  0.180556 
 0.028169  0.056338  0.000000  0.915492 
 0.859155  0.056338  0.000000  0.084507 
 0.055556  0.805555  0.083333  0.055556 
 0.874999  0.055556  0.027778  0.041667 
 0.180556  0.180556  0.388889  0.250000 
 0.416667  0.166667  0.152778  0.263889 

MOTIF DKC1_1 
letter-probability matrix: alength= 4 w= 8 nsites= 20 E= 0
 0.391161  0.173983  0.260874  0.173983 
 0.912856  0.087144  0.000000  0.000000 
 0.000000  0.956279  0.043721  0.000000 
 0.043721  0.000000  0.000000  0.956279 
 0.000000  0.782256  0.130626  0.087117 
 0.000000  0.000000  0.000000  1.000000 
 0.651930  0.000000  0.174035  0.174035 
 0.000000  0.000000  0.000000  1.000000 

MOTIF DKC1_2 
letter-probability matrix: alength= 4 w= 11 nsites= 20 E= 0
 0.135000  0.062600  0.720700  0.081700 
 0.067293  0.086091  0.084292  0.762324 
 0.073186  0.026733  0.900081  0.000000 
 0.000000  0.028476  0.000000  0.971524 
 0.045698  0.000000  0.954302  0.000000 
 0.036156  0.031662  0.000000  0.932183 
 0.059501  0.027680  0.912819  0.000000 
 0.038915  0.032311  0.000000  0.928775 
 0.049600  0.028080  0.922320  0.000000 
 0.076700  0.114300  0.101700  0.707300 
 0.087200  0.064000  0.766700  0.082100 

MOTIF DKC1_3 
letter-probability matrix: alength= 4 w= 6 nsites= 20 E= 0
 0.000000  0.000000  0.000000  1.000000 
 0.000000  0.026543  0.946914  0.026543 
 1.000000  0.000000  0.000000  0.000000 
 0.417709  0.000000  0.041146  0.541146 
 0.000000  0.448952  0.551048  0.000000 
 1.000000  0.000000  0.000000  0.000000 

MOTIF EFTUD2_1 
letter-probability matrix: alength= 4 w= 9 nsites= 20 E= 0
 0.270440  0.150943  0.150943  0.427673 
 0.182390  0.144654  0.327044  0.345912 
 0.207547  0.031447  0.106918  0.654088 
 0.000000  0.000000  0.891720  0.108280 
 0.000000  0.000000  0.025641  0.974359 
 0.808917  0.000000  0.159236  0.031848 
 0.830189  0.000000  0.025157  0.144654 
 0.056604  0.037736  0.830188  0.075472 
 0.000000  0.000000  0.025641  0.974359 

MOTIF EIF3D_1 
letter-probability matrix: alength= 4 w= 8 nsites= 20 E= 0
 0.046405  0.860786  0.050605  0.042204 
 0.033810  0.940782  0.000000  0.025408 
 0.877588  0.038004  0.029603  0.054805 
 0.042208  0.000000  0.315163  0.642629 
 0.000000  0.000000  0.930220  0.069780 
 0.000000  0.000000  1.000000  0.000000 
 0.881789  0.054805  0.033803  0.029603 
 0.105200  0.252100  0.537500  0.105200 

MOTIF EIF3D_2 
letter-probability matrix: alength= 4 w= 9 nsites= 20 E= 0
 0.119500  0.209000  0.313400  0.358100 
 0.253700  0.074800  0.223900  0.447600 
 0.000000  0.030561  0.923748  0.045690 
 0.059912  0.000000  0.045009  0.895079 
 0.790658  0.000000  0.045009  0.164333 
 0.030097  0.059894  0.044996  0.865013 
 0.045000  0.701000  0.179200  0.074800 
 0.000000  0.059912  0.880176  0.059912 
 0.000000  0.969429  0.030571  0.000000 

MOTIF EIF3D_3 
letter-probability matrix: alength= 4 w= 7 nsites= 20 E= 0
 0.080700  0.158700  0.136900  0.623700 
 0.051005  0.837583  0.076208  0.035204 
 0.849600  0.052200  0.027400  0.070800 
 0.422700  0.063600  0.456100  0.057600 
 0.050905  0.848485  0.070807  0.029803 
 0.076594  0.000000  0.026144  0.897262 
 0.000000  0.000000  0.926640  0.073360 

MOTIF EIF3D_4 
letter-probability matrix: alength= 4 w= 8 nsites= 20 E= 0
 0.140214  0.604760  0.108411  0.146615 
 0.089309  0.127513  0.706570  0.076608 
 0.967258  0.000000  0.032742  0.000000 
 0.000000  0.000000  1.000000  0.000000 
 0.872000  0.038400  0.025700  0.063900 
 0.038419  0.000000  0.000000  0.961581 
 0.000000  0.000000  0.000000  1.000000 
 0.114789  0.133887  0.324768  0.426557 

MOTIF EIF3D_5 
letter-probability matrix: alength= 4 w= 11 nsites= 20 E= 0
 0.145000  0.202900  0.463600  0.188500 
 0.174000  0.101600  0.420100  0.304300 
 0.000000  0.000000  0.970355  0.029645 
 0.116100  0.564900  0.202900  0.116100 
 0.000000  0.000000  0.926295  0.073705 
 0.000000  0.000000  1.000000  0.000000 
 0.837816  0.029636  0.132548  0.000000 
 0.840000  0.029200  0.101600  0.029200 
 0.000000  0.954976  0.045024  0.000000 
 0.217400  0.202900  0.246400  0.333300 
 0.116100  0.159500  0.492500  0.231900 

MOTIF EIF4A3_1 
letter-probability matrix: alength= 4 w= 6 nsites= 20 E= 0
 0.000000  0.000000  0.000000  1.000000 
 0.000000  0.000000  0.000000  1.000000 
 0.000000  0.000000  0.000000  1.000000 
 0.000000  0.000000  0.000000  1.000000 
 0.000000  0.000000  0.000000  1.000000 
 0.000000  0.000000  0.000000  1.000000 

MOTIF EIF4A3_2 
letter-probability matrix: alength= 4 w= 6 nsites= 20 E= 0
 0.000000  0.000000  0.000000  1.000000 
 0.000000  0.000000  0.000000  1.000000 
 0.000000  0.000000  0.000000  1.000000 
 0.000000  0.000000  0.000000  1.000000 
 0.000000  0.000000  0.000000  1.000000 
 0.000000  0.000000  0.000000  1.000000 

MOTIF EIF4A3_3 
letter-probability matrix: alength= 4 w= 6 nsites= 20 E= 0
 0.000000  0.000000  0.000000  1.000000 
 0.000000  0.000000  0.000000  1.000000 
 0.000000  0.000000  0.000000  1.000000 
 0.000000  0.000000  0.000000  1.000000 
 0.000000  0.000000  0.000000  1.000000 
 0.000000  0.000000  0.000000  1.000000 

MOTIF EIF4B_1 
letter-probability matrix: alength= 4 w= 7 nsites= 20 E= 0
 0.076923  0.153846  0.538462  0.230769 
 0.000000  0.235479  0.000000  0.764521 
 0.233100  0.310800  0.000000  0.456099 
 0.000000  0.000000  1.000000  0.000000 
 0.000000  0.000000  1.000000  0.000000 
 0.921507  0.078493  0.000000  0.000000 
 0.689200  0.233100  0.000000  0.077700 

MOTIF EIF4G2_1 
letter-probability matrix: alength= 4 w= 7 nsites= 20 E= 0
 0.227423  0.496150  0.118712  0.157716 
 0.000000  0.000000  1.000000  0.000000 
 0.000000  0.042021  0.000000  0.957979 
 0.000000  0.000000  0.042021  0.957979 
 0.000000  0.000000  1.000000  0.000000 
 0.000000  1.000000  0.000000  0.000000 
 0.526753  0.119712  0.184518  0.169017 

MOTIF EIF4G2_2 
letter-probability matrix: alength= 4 w= 7 nsites= 20 E= 0
 0.162600  0.441400  0.234100  0.161900 
 0.078708  0.078508  0.764476  0.078308 
 0.000000  1.000000  0.000000  0.000000 
 0.000000  1.000000  0.000000  0.000000 
 0.000000  0.000000  1.000000  0.000000 
 0.062706  0.062706  0.062706  0.811882 
 0.062706  0.743975  0.062706  0.130613 

MOTIF EIF4G2_3 
letter-probability matrix: alength= 4 w= 6 nsites= 20 E= 0
 0.066600  0.258600  0.608400  0.066400 
 0.000000  1.000000  0.000000  0.000000 
 0.000000  0.000000  0.958179  0.041821 
 0.415525  0.457737  0.126738  0.000000 
 0.000000  0.060520  0.887765  0.051715 
 0.092800  0.137400  0.680600  0.089200 

MOTIF EIF4G2_4 
letter-probability matrix: alength= 4 w= 11 nsites= 20 E= 0
 0.055400  0.083700  0.073400  0.787500 
 0.096474  0.053245  0.850281  0.000000 
 0.000000  0.062871  0.000000  0.937129 
 0.047619  0.000000  0.952381  0.000000 
 0.034787  0.034180  0.000000  0.931034 
 0.059568  0.000000  0.940432  0.000000 
 0.032278  0.087524  0.000000  0.880198 
 0.063000  0.034900  0.869400  0.032700 
 0.092491  0.153885  0.047495  0.706129 
 0.141300  0.084000  0.684100  0.090600 
 0.076100  0.168100  0.204100  0.551700 

MOTIF ELAVL1_1 
letter-probability matrix: alength= 4 w= 7 nsites= 20 E= 0
 0.000000  1.000000  0.000000  0.000000 
 0.000000  1.000000  0.000000  0.000000 
 0.000000  1.000000  0.000000  0.000000 
 0.000000  1.000000  0.000000  0.000000 
 0.000000  1.000000  0.000000  0.000000 
 0.000000  1.000000  0.000000  0.000000 
 0.000000  1.000000  0.000000  0.000000 

MOTIF ELAVL1_2 
letter-probability matrix: alength= 4 w= 7 nsites= 20 E= 0
 0.087384  0.000000  0.000000  0.912616 
 0.096914  0.000000  0.058007  0.845079 
 0.650500  0.034600  0.093100  0.221800 
 0.000000  0.000000  0.030669  0.969331 
 0.000000  0.000000  0.000000  1.000000 
 0.000000  0.000000  0.000000  1.000000 
 0.505969  0.127334  0.000000  0.366697 

MOTIF ELAVL1_3 
letter-probability matrix: alength= 4 w= 20 nsites= 20 E= 0
 0.000000  0.000000  0.500000  0.500000 
 0.000000  0.000000  0.500000  0.500000 
 0.250000  0.250000  0.250000  0.250000 
 0.500000  0.000000  0.000000  0.500000 
 0.500000  0.000000  0.000000  0.500000 
 0.333333  0.000000  0.333333  0.333333 
 0.250000  0.250000  0.250000  0.250000 
 0.250000  0.250000  0.250000  0.250000 
 0.250000  0.250000  0.250000  0.250000 
 0.000000  0.000000  0.000000  1.000000 
 0.000000  0.000000  0.500000  0.500000 
 0.250000  0.250000  0.250000  0.250000 
 0.250000  0.250000  0.250000  0.250000 
 0.000000  0.000000  0.000000  1.000000 
 0.000000  0.000000  0.000000  1.000000 
 0.250000  0.250000  0.250000  0.250000 
 0.000000  0.000000  0.000000  1.000000 
 0.250000  0.250000  0.250000  0.250000 
 0.250000  0.250000  0.250000  0.250000 
 0.333333  0.333333  0.000000  0.333333 

MOTIF ELAVL1_4 
letter-probability matrix: alength= 4 w= 7 nsites= 20 E= 0
 0.000000  0.000000  0.000000  1.000000 
 0.000000  0.500000  0.000000  0.500000 
 0.000000  0.000000  0.000000  1.000000 
 0.000000  1.000000  0.000000  0.000000 
 0.000000  0.500000  0.000000  0.500000 
 0.000000  0.000000  0.000000  1.000000 
 0.000000  0.000000  0.000000  1.000000 

MOTIF ELAVL2_1 
letter-probability matrix: alength= 4 w= 11 nsites= 20 E= 0
 0.000000  0.000000  0.000000  1.000000 
 0.000000  0.000000  0.000000  1.000000 
 0.000000  0.000000  0.000000  1.000000 
 0.000000  0.000000  0.000000  1.000000 
 0.000000  0.000000  0.000000  1.000000 
 0.000000  0.000000  0.000000  1.000000 
 1.000000  0.000000  0.000000  0.000000 
 0.000000  0.000000  0.000000  1.000000 
 0.000000  0.000000  0.000000  1.000000 
 0.000000  0.000000  0.000000  1.000000 
 0.000000  0.000000  0.000000  1.000000 

MOTIF ELAVL2_2 
letter-probability matrix: alength= 4 w= 9 nsites= 20 E= 0
 0.226322  0.045546  0.000000  0.728132 
 0.025538  0.045646  0.000000  0.928816 
 0.045551  0.000000  0.025541  0.928908 
 0.045300  0.045400  0.045400  0.863900 
