MEME version 5

ALPHABET= ACGT

strands: +

Background letter frequencies
A 0.250000 C 0.250000 G 0.250000 T 0.250000

MOTIF AGGF1_1 
letter-probability matrix: alength= 4 w= 11 nsites= 20 E= 0
 0.061800  0.521100  0.032900  0.384200 
 0.574900  0.076000  0.230500  0.118600 
 0.000000  0.930953  0.000000  0.069047 
 0.962884  0.000000  0.000000  0.037116 
 0.000000  0.921520  0.000000  0.078480 
 0.919443  0.036977  0.000000  0.043580 
 0.000000  0.947114  0.000000  0.052886 
 0.935234  0.028908  0.000000  0.035858 
 0.034100  0.789800  0.032900  0.143200 
 0.598300  0.147500  0.114000  0.140200 
 0.087100  0.534200  0.067100  0.311600 

MOTIF AGGF1_2 
letter-probability matrix: alength= 4 w= 7 nsites= 20 E= 0
 0.774435  0.000000  0.048613  0.176952 
 0.574937  0.000000  0.358530  0.066532 
 0.136700  0.031100  0.802000  0.030200 
 0.873994  0.000000  0.126006  0.000000 
 0.886377  0.000000  0.055511  0.058112 
 0.383395  0.000000  0.616605  0.000000 
 0.778577  0.098310  0.066507  0.056606 

MOTIF AKAP1_1 
letter-probability matrix: alength= 4 w= 8 nsites= 20 E= 0
 1.000000  0.000000  0.000000  0.000000 
 0.000000  0.000000  0.000000  1.000000 
 1.000000  0.000000  0.000000  0.000000 
 0.000000  0.000000  0.000000  1.000000 
 1.000000  0.000000  0.000000  0.000000 
 0.000000  0.000000  0.000000  1.000000 
 1.000000  0.000000  0.000000  0.000000 
 0.000000  0.000000  0.000000  1.000000 

MOTIF BCCIP_1 
letter-probability matrix: alength= 4 w= 10 nsites= 20 E= 0
 0.205479  0.152055  0.433562  0.208904 
 0.193836  0.123973  0.448630  0.233562 
 0.085616  0.201370  0.567809  0.145205 
 0.900970  0.000000  0.065789  0.033241 
 0.028276  0.000000  0.971724  0.000000 
 0.039716  0.000000  0.960284  0.000000 
 0.050069  0.162031  0.787900  0.000000 
 0.924463  0.000000  0.035344  0.040194 
 0.000000  0.000000  1.000000  0.000000 
 0.213014  0.163699  0.504794  0.118493 

MOTIF BUD13_1 
letter-probability matrix: alength= 4 w= 7 nsites= 20 E= 0
 0.074827  0.000000  0.044453  0.880720 
 0.000000  0.056196  0.879143  0.064661 
 0.766000  0.090800  0.088100  0.055100 
 0.060618  0.000000  0.082625  0.856757 
 0.000000  0.000000  0.963274  0.036726 
 0.081387  0.031005  0.887608  0.000000 
 0.889500  0.035900  0.038700  0.035900 

MOTIF BUD13_2 
letter-probability matrix: alength= 4 w= 10 nsites= 20 E= 0
 0.250000  0.148700  0.108800  0.492500 
 0.134187  0.264474  0.094391  0.506948 
 0.000000  0.000000  0.000000  1.000000 
 0.000000  0.000000  0.000000  1.000000 
 0.097990  0.503349  0.134187  0.264474 
 0.130600  0.090700  0.680700  0.098000 
 1.000000  0.000000  0.000000  0.000000 
 0.970027  0.000000  0.029973  0.000000 
 0.041468  0.958532  0.000000  0.000000 
 0.405600  0.224700  0.061800  0.307900 

MOTIF BUD13_3 
letter-probability matrix: alength= 4 w= 8 nsites= 20 E= 0
 0.231223  0.572057  0.156516  0.040204 
 0.930688  0.000000  0.034808  0.034504 
 0.030600  0.000000  0.969400  0.000000 
 0.000000  0.000000  1.000000  0.000000 
 0.000000  0.000000  0.000000  1.000000 
 0.708888  0.042356  0.248755  0.000000 
 0.766576  0.065007  0.079008  0.089409 
 0.076100  0.109100  0.746400  0.068400 

MOTIF BUD13_4 
letter-probability matrix: alength= 4 w= 7 nsites= 20 E= 0
 0.066800  0.105700  0.073400  0.754100 
 0.000000  0.041784  0.000000  0.958216 
 0.000000  0.000000  0.000000  1.000000 
 0.069000  0.098800  0.371100  0.461100 
 0.054400  0.794400  0.060700  0.090500 
 0.947654  0.000000  0.000000  0.052346 
 0.030437  0.000000  0.936504  0.033058 

MOTIF CDC40_1 
letter-probability matrix: alength= 4 w= 10 nsites= 20 E= 0
 0.122600  0.102200  0.408000  0.367200 
 0.346869  0.000000  0.326565  0.326565 
 0.000000  0.000000  1.000000  0.000000 
 0.000000  0.000000  1.000000  0.000000 
 0.000000  0.000000  1.000000  0.000000 
 0.734421  0.183755  0.081824  0.000000 
 0.081800  0.081800  0.285700  0.550700 
 0.872119  0.000000  0.127881  0.000000 
 0.081841  0.918159  0.000000  0.000000 
 0.387561  0.306069  0.142986  0.163384 

MOTIF CDC40_2 
letter-probability matrix: alength= 4 w= 10 nsites= 20 E= 0
 0.000000  1.000000  0.000000  0.000000 
 0.083800  0.522400  0.028800  0.365000 
 0.124512  0.114411  0.057306  0.703771 
 0.000000  0.066127  0.101063  0.832810 
 0.810443  0.000000  0.077524  0.112033 
 0.524810  0.000000  0.437462  0.037728 
 0.041515  0.483495  0.000000  0.474990 
 0.156916  0.446145  0.130413  0.266527 
 0.195520  0.162816  0.503250  0.138414 
 0.000000  0.000000  0.942671  0.057329 

MOTIF CPEB4_1 
letter-probability matrix: alength= 4 w= 6 nsites= 20 E= 0
 0.053948  0.535747  0.000000  0.410306 
 0.000000  0.000000  0.000000  1.000000 
 0.000000  0.000000  0.000000  1.000000 
 0.000000  0.000000  0.000000  1.000000 
 0.492739  0.000000  0.050726  0.456535 
 0.030797  0.030797  0.030797  0.907609 

MOTIF CPSF6_1 
letter-probability matrix: alength= 4 w= 11 nsites= 20 E= 0
 0.309609  0.060498  0.341637  0.288256 
 0.188612  0.103203  0.533808  0.174377 
 0.913358  0.000000  0.046931  0.039711 
 0.444444  0.000000  0.476703  0.078853 
 0.047794  0.000000  0.952206  0.000000 
 0.865454  0.000000  0.134546  0.000000 
 0.809353  0.000000  0.100719  0.089928 
 0.054546  0.061818  0.883636  0.000000 
 0.793594  0.049822  0.106762  0.049822 
 0.313167  0.138790  0.309609  0.238434 
 0.245552  0.120996  0.498221  0.135231 

MOTIF CSTF2_1 
letter-probability matrix: alength= 4 w= 6 nsites= 20 E= 0
 1.000000  0.000000  0.000000  0.000000 
 1.000000  0.000000  0.000000  0.000000 
 0.000000  0.000000  0.000000  1.000000 
 1.000000  0.000000  0.000000  0.000000 
 1.000000  0.000000  0.000000  0.000000 
 1.000000  0.000000  0.000000  0.000000 

MOTIF CSTF2_2 
letter-probability matrix: alength= 4 w= 10 nsites= 20 E= 0
 0.041096  0.050695  0.801820  0.106389 
 0.000000  0.000000  0.000000  1.000000 
 0.000000  0.122055  0.849327  0.028618 
 0.000000  0.000000  0.000000  1.000000 
 0.000000  0.044316  0.955684  0.000000 
 0.000000  0.000000  0.000000  1.000000 
 0.000000  0.135149  0.834886  0.029966 
 0.000000  0.000000  0.000000  1.000000 
 0.033800  0.041100  0.070900  0.854200 
 0.046500  0.047100  0.289600  0.616800 

MOTIF CSTF2T_1 
letter-probability matrix: alength= 4 w= 8 nsites= 20 E= 0
 1.000000  0.000000  0.000000  0.000000 
 1.000000  0.000000  0.000000  0.000000 
 0.000000  0.000000  0.000000  1.000000 
 0.500000  0.000000  0.500000  0.000000 
 0.500000  0.000000  0.000000  0.500000 
 0.499900  0.250050  0.250050  0.000000 
 0.000000  0.000000  0.000000  1.000000 
 0.000000  0.333333  0.333333  0.333333 

MOTIF CSTF2T_2 
letter-probability matrix: alength= 4 w= 10 nsites= 20 E= 0
 0.164884  0.129087  0.487351  0.218678 
 0.063300  0.200100  0.641500  0.095100 
 0.832787  0.000000  0.098361  0.068852 
 0.000000  0.000000  1.000000  0.000000 
 0.000000  0.000000  1.000000  0.000000 
 0.047056  0.025952  0.926992  0.000000 
 0.891850  0.000000  0.052178  0.055971 
 0.000000  0.000000  1.000000  0.000000 
 0.204300  0.184800  0.531700  0.079200 
 0.233623  0.200620  0.448745  0.117012 

MOTIF DDX3X_1 
letter-probability matrix: alength= 4 w= 6 nsites= 20 E= 0
 0.000000  0.058283  0.941717  0.000000 
 0.032000  0.880400  0.055400  0.032200 
 0.040896  0.467953  0.416458  0.074693 
 0.000000  0.046663  0.918138  0.035199 
 0.000000  0.915752  0.056606  0.027642 
 0.042196  0.564144  0.285371  0.108289 

MOTIF DDX3X_2 
letter-probability matrix: alength= 4 w= 9 nsites= 20 E= 0
 0.000000  0.878917  0.051893  0.069190 
 0.051005  0.034103  0.779178  0.135714 
 0.000000  0.000000  1.000000  0.000000 
 0.000000  0.118836  0.051015  0.830149 
 0.677568  0.051005  0.220422  0.051005 
 0.034100  0.034100  0.897700  0.034100 
 0.000000  0.965883  0.000000  0.034117 
 0.135700  0.288100  0.237300  0.338900 
 0.135700  0.118800  0.559000  0.186500 

MOTIF DDX6_1 
letter-probability matrix: alength= 4 w= 12 nsites= 20 E= 0
 0.207900  0.112500  0.056400  0.623200 
 0.134913  0.112511  0.028303  0.724273 
 0.000000  0.035100  0.000000  0.964900 
 0.065400  0.051500  0.077900  0.805200 
 0.053900  0.079600  0.662500  0.204000 
 0.000000  0.000000  0.000000  1.000000 
 0.447864  0.000000  0.510734  0.041403 
 0.131800  0.728200  0.067100  0.072900 
 0.865614  0.027197  0.050695  0.056494 
 0.142800  0.068400  0.183900  0.604900 
 0.167600  0.114400  0.568900  0.149100 
 0.055800  0.710900  0.081700  0.151600 

MOTIF DDX24_1 
letter-probability matrix: alength= 4 w= 9 nsites= 20 E= 0
 0.303470  0.098390  0.232177  0.365963 
 0.205421  0.178618  0.446245  0.169717 
 0.917711  0.000000  0.054792  0.027498 
 0.883566  0.000000  0.044813  0.071621 
 0.062700  0.027000  0.883300  0.027000 
 0.829800  0.035900  0.080500  0.053800 
 0.963427  0.000000  0.000000  0.036573 
 0.187600  0.660300  0.125100  0.027000 
 0.627050  0.318159  0.000000  0.054792 

MOTIF DDX24_2 
letter-probability matrix: alength= 4 w= 8 nsites= 20 E= 0
 0.695800  0.129600  0.149600  0.025000 
 0.369737  0.039504  0.534953  0.055806 
 0.000000  0.000000  1.000000  0.000000 
 0.091261  0.000000  0.048224  0.860515 
 0.812100  0.044300  0.075200  0.068400 
 0.547355  0.032803  0.054505  0.365337 
 0.000000  0.000000  0.948132  0.051868 
 0.081708  0.108811  0.202420  0.607061 

MOTIF DDX55_1 
letter-probability matrix: alength= 4 w= 9 nsites= 20 E= 0
 0.244424  0.055706  0.188919  0.510951 
 0.255600  0.211100  0.122300  0.411000 
 0.000000  0.000000  0.000000  1.000000 
 0.066807  0.033503  0.832883  0.066807 
 0.000000  0.953840  0.000000  0.046160 
 0.067584  0.000000  0.000000  0.932416 
 0.000000  0.000000  0.908933  0.091067 
 0.044604  0.044604  0.055706  0.855086 
 0.692992  0.000000  0.125115  0.181893 

MOTIF DDX55_2 
letter-probability matrix: alength= 4 w= 7 nsites= 20 E= 0
 0.852726  0.000000  0.000000  0.147274 
 0.000000  0.030051  0.059899  0.910051 
 0.059018  0.896669  0.000000  0.044313 
 0.926078  0.029609  0.000000  0.044313 
 0.073722  0.000000  0.029609  0.896669 
 0.029603  0.073707  0.720172  0.176518 
 0.044304  0.029603  0.073707  0.852386 

MOTIF DDX55_3 
letter-probability matrix: alength= 4 w= 11 nsites= 20 E= 0
 0.151600  0.212200  0.181900  0.454300 
 0.151600  0.181900  0.212200  0.454300 
 0.030509  0.000000  0.060818  0.908673 
 0.848155  0.000000  0.030509  0.121336 
 0.000000  0.696709  0.030509  0.272782 
 0.060794  0.091091  0.666233  0.181882 
 0.000000  0.969485  0.030515  0.000000 
 0.000000  0.000000  0.000000  1.000000 
 0.030509  0.908673  0.060818  0.000000 
 0.091091  0.393761  0.091091  0.424058 
 0.121300  0.393800  0.151600  0.333300 

MOTIF DDX55_4 
letter-probability matrix: alength= 4 w= 7 nsites= 20 E= 0
 0.843516  0.049395  0.039596  0.067493 
 0.058680  0.813977  0.000000  0.127343 
 0.000000  0.029248  0.000000  0.970752 
 0.447578  0.000000  0.027182  0.525240 
 0.049215  0.029609  0.000000  0.921176 
 0.053000  0.392900  0.374000  0.180100 
 0.204500  0.106600  0.092200  0.596700 

MOTIF DDX55_5 
letter-probability matrix: alength= 4 w= 10 nsites= 20 E= 0
 0.078600  0.254900  0.196100  0.470400 
 0.000000  0.879783  0.000000  0.120217 
 0.080188  0.080188  0.000000  0.839625 
 0.098220  0.803561  0.098220  0.000000 
 0.000000  0.960580  0.000000  0.039420 
 0.000000  1.000000  0.000000  0.000000 
 0.862186  0.059006  0.039404  0.039404 
 0.744600  0.078600  0.078600  0.098200 
 0.117788  0.235276  0.333267  0.313669 
 0.235300  0.235300  0.117800  0.411600 

MOTIF DDX55_6 
letter-probability matrix: alength= 4 w= 9 nsites= 20 E= 0
 0.032503  0.078808  0.113011  0.775678 
 0.032503  0.056606  0.056606  0.854285 
 0.000000  0.044080  0.441617  0.514303 
 0.000000  0.039252  0.000000  0.960748 
 0.066207  0.688769  0.072107  0.172917 
 0.117900  0.046000  0.549500  0.286600 
 0.000000  0.000000  0.498968  0.501032 
 0.028503  0.141614  0.146315  0.683568 
 0.103900  0.089800  0.143600  0.662700 

MOTIF DDX59_1 
letter-probability matrix: alength= 4 w= 11 nsites= 20 E= 0
 0.113208  0.403774  0.083019  0.400000 
 0.056604  0.418868  0.071698  0.452830 
 0.034483  0.965517  0.000000  0.000000 
 0.000000  1.000000  0.000000  0.000000 
 0.000000  1.000000  0.000000  0.000000 
 0.381132  0.267925  0.041509  0.309434 
 0.000000  0.117871  0.038023  0.844106 
 0.000000  0.920755  0.045283  0.033962 
 0.000000  0.683019  0.000000  0.316981 
 0.060377  0.584906  0.049057  0.305660 
 0.037736  0.467925  0.094340  0.400000 

MOTIF DGCR8_1 
letter-probability matrix: alength= 4 w= 11 nsites= 20 E= 0
 0.180556  0.180556  0.166667  0.472222 
 0.250000  0.166667  0.055556  0.527777 
 0.027778  0.027778  0.041667  0.902777 
 0.000000  0.000000  0.000000  1.000000 
 0.027778  0.069444  0.722222  0.180556 
 0.028169  0.056338  0.000000  0.915492 
 0.859155  0.056338  0.000000  0.084507 
 0.055556  0.805555  0.083333  0.055556 
 0.874999  0.055556  0.027778  0.041667 
 0.180556  0.180556  0.388889  0.250000 
 0.416667  0.166667  0.152778  0.263889 

MOTIF DKC1_1 
letter-probability matrix: alength= 4 w= 8 nsites= 20 E= 0
 0.391161  0.173983  0.260874  0.173983 
 0.912856  0.087144  0.000000  0.000000 
 0.000000  0.956279  0.043721  0.000000 
 0.043721  0.000000  0.000000  0.956279 
 0.000000  0.782256  0.130626  0.087117 
 0.000000  0.000000  0.000000  1.000000 
 0.651930  0.000000  0.174035  0.174035 
 0.000000  0.000000  0.000000  1.000000 

MOTIF DKC1_2 
letter-probability matrix: alength= 4 w= 11 nsites= 20 E= 0
 0.135000  0.062600  0.720700  0.081700 
 0.067293  0.086091  0.084292  0.762324 
 0.073186  0.026733  0.900081  0.000000 
 0.000000  0.028476  0.000000  0.971524 
 0.045698  0.000000  0.954302  0.000000 
 0.036156  0.031662  0.000000  0.932183 
 0.059501  0.027680  0.912819  0.000000 
 0.038915  0.032311  0.000000  0.928775 
 0.049600  0.028080  0.922320  0.000000 
 0.076700  0.114300  0.101700  0.707300 
 0.087200  0.064000  0.766700  0.082100 

MOTIF DKC1_3 
letter-probability matrix: alength= 4 w= 6 nsites= 20 E= 0
 0.000000  0.000000  0.000000  1.000000 
 0.000000  0.026543  0.946914  0.026543 
 1.000000  0.000000  0.000000  0.000000 
 0.417709  0.000000  0.041146  0.541146 
 0.000000  0.448952  0.551048  0.000000 
 1.000000  0.000000  0.000000  0.000000 

MOTIF EFTUD2_1 
letter-probability matrix: alength= 4 w= 9 nsites= 20 E= 0
 0.270440  0.150943  0.150943  0.427673 
 0.182390  0.144654  0.327044  0.345912 
 0.207547  0.031447  0.106918  0.654088 
 0.000000  0.000000  0.891720  0.108280 
 0.000000  0.000000  0.025641  0.974359 
 0.808917  0.000000  0.159236  0.031848 
 0.830189  0.000000  0.025157  0.144654 
 0.056604  0.037736  0.830188  0.075472 
 0.000000  0.000000  0.025641  0.974359 

MOTIF EIF3D_1 
letter-probability matrix: alength= 4 w= 8 nsites= 20 E= 0
 0.046405  0.860786  0.050605  0.042204 
 0.033810  0.940782  0.000000  0.025408 
 0.877588  0.038004  0.029603  0.054805 
 0.042208  0.000000  0.315163  0.642629 
 0.000000  0.000000  0.930220  0.069780 
 0.000000  0.000000  1.000000  0.000000 
 0.881789  0.054805  0.033803  0.029603 
 0.105200  0.252100  0.537500  0.105200 

MOTIF EIF3D_2 
letter-probability matrix: alength= 4 w= 9 nsites= 20 E= 0
 0.119500  0.209000  0.313400  0.358100 
 0.253700  0.074800  0.223900  0.447600 
 0.000000  0.030561  0.923748  0.045690 
 0.059912  0.000000  0.045009  0.895079 
 0.790658  0.000000  0.045009  0.164333 
 0.030097  0.059894  0.044996  0.865013 
 0.045000  0.701000  0.179200  0.074800 
 0.000000  0.059912  0.880176  0.059912 
 0.000000  0.969429  0.030571  0.000000 

MOTIF EIF3D_3 
letter-probability matrix: alength= 4 w= 7 nsites= 20 E= 0
 0.080700  0.158700  0.136900  0.623700 
 0.051005  0.837583  0.076208  0.035204 
 0.849600  0.052200  0.027400  0.070800 
 0.422700  0.063600  0.456100  0.057600 
 0.050905  0.848485  0.070807  0.029803 
 0.076594  0.000000  0.026144  0.897262 
 0.000000  0.000000  0.926640  0.073360 

MOTIF EIF3D_4 
letter-probability matrix: alength= 4 w= 8 nsites= 20 E= 0
 0.140214  0.604760  0.108411  0.146615 
 0.089309  0.127513  0.706570  0.076608 
 0.967258  0.000000  0.032742  0.000000 
 0.000000  0.000000  1.000000  0.000000 
 0.872000  0.038400  0.025700  0.063900 
 0.038419  0.000000  0.000000  0.961581 
 0.000000  0.000000  0.000000  1.000000 
 0.114789  0.133887  0.324768  0.426557 

MOTIF EIF3D_5 
letter-probability matrix: alength= 4 w= 11 nsites= 20 E= 0
 0.145000  0.202900  0.463600  0.188500 
 0.174000  0.101600  0.420100  0.304300 
 0.000000  0.000000  0.970355  0.029645 
 0.116100  0.564900  0.202900  0.116100 
 0.000000  0.000000  0.926295  0.073705 
 0.000000  0.000000  1.000000  0.000000 
 0.837816  0.029636  0.132548  0.000000 
 0.840000  0.029200  0.101600  0.029200 
 0.000000  0.954976  0.045024  0.000000 
 0.217400  0.202900  0.246400  0.333300 
 0.116100  0.159500  0.492500  0.231900 

MOTIF EIF4G2_1 
letter-probability matrix: alength= 4 w= 7 nsites= 20 E= 0
 0.227423  0.496150  0.118712  0.157716 
 0.000000  0.000000  1.000000  0.000000 
 0.000000  0.042021  0.000000  0.957979 
 0.000000  0.000000  0.042021  0.957979 
 0.000000  0.000000  1.000000  0.000000 
 0.000000  1.000000  0.000000  0.000000 
 0.526753  0.119712  0.184518  0.169017 

MOTIF EIF4G2_2 
letter-probability matrix: alength= 4 w= 7 nsites= 20 E= 0
 0.162600  0.441400  0.234100  0.161900 
 0.078708  0.078508  0.764476  0.078308 
 0.000000  1.000000  0.000000  0.000000 
 0.000000  1.000000  0.000000  0.000000 
 0.000000  0.000000  1.000000  0.000000 
 0.062706  0.062706  0.062706  0.811882 
 0.062706  0.743975  0.062706  0.130613 

MOTIF EIF4G2_3 
letter-probability matrix: alength= 4 w= 6 nsites= 20 E= 0
 0.066600  0.258600  0.608400  0.066400 
 0.000000  1.000000  0.000000  0.000000 
 0.000000  0.000000  0.958179  0.041821 
 0.415525  0.457737  0.126738  0.000000 
 0.000000  0.060520  0.887765  0.051715 
 0.092800  0.137400  0.680600  0.089200 

MOTIF EIF4G2_4 
letter-probability matrix: alength= 4 w= 11 nsites= 20 E= 0
 0.055400  0.083700  0.073400  0.787500 
 0.096474  0.053245  0.850281  0.000000 
 0.000000  0.062871  0.000000  0.937129 
 0.047619  0.000000  0.952381  0.000000 
 0.034787  0.034180  0.000000  0.931034 
 0.059568  0.000000  0.940432  0.000000 
 0.032278  0.087524  0.000000  0.880198 
 0.063000  0.034900  0.869400  0.032700 
 0.092491  0.153885  0.047495  0.706129 
 0.141300  0.084000  0.684100  0.090600 
 0.076100  0.168100  0.204100  0.551700 

MOTIF EWSR1_1 
letter-probability matrix: alength= 4 w= 7 nsites= 20 E= 0
 0.100300  0.129200  0.670500  0.100000 
 0.061500  0.089600  0.670500  0.178400 
 0.234919  0.000000  0.765081  0.000000 
 0.153500  0.243200  0.056800  0.546500 
 0.526391  0.056780  0.416829  0.000000 
 0.038704  0.038704  0.883988  0.038604 
 0.054200  0.054100  0.837700  0.054000 

MOTIF EWSR1_2 
letter-probability matrix: alength= 4 w= 8 nsites= 20 E= 0
 0.000000  0.333333  0.333333  0.333333 
 0.000000  0.000000  0.000000  1.000000 
 0.000000  0.000000  1.000000  0.000000 
 0.000000  0.000000  1.000000  0.000000 
 0.000000  0.333333  0.333333  0.333333 
 0.250000  0.250000  0.250000  0.250000 
 0.250000  0.250000  0.250000  0.250000 
 0.000000  0.333333  0.333333  0.333333 

MOTIF FAM120A_1 
letter-probability matrix: alength= 4 w= 9 nsites= 20 E= 0
 0.079308  0.061606  0.316732  0.542354 
 0.000000  0.042533  0.898739  0.058727 
 0.188618  0.000000  0.770325  0.041057 
 0.046955  0.000000  0.920125  0.032919 
 0.041583  0.000000  0.927836  0.030581 
 0.038308  0.032572  0.929120  0.000000 
 0.473100  0.125100  0.243900  0.157900 
 0.103390  0.076492  0.744226  0.075892 
 0.139300  0.118100  0.664400  0.078200 

MOTIF FAM120A_2 
letter-probability matrix: alength= 4 w= 9 nsites= 20 E= 0
 0.162216  0.229723  0.162216  0.445845 
 0.148715  0.216222  0.202720  0.432343 
 0.027208  0.878064  0.000000  0.094728 
 0.000000  0.959280  0.000000  0.040720 
 0.067721  0.891567  0.000000  0.040712 
 0.000000  0.068648  0.027581  0.903772 
 0.702370  0.054205  0.135214  0.108211 
 0.959280  0.000000  0.000000  0.040720 
 0.054205  0.054205  0.769878  0.121712 

MOTIF FAM120A_3 
letter-probability matrix: alength= 4 w= 8 nsites= 20 E= 0
 0.233323  0.216722  0.100110  0.449845 
 0.025200  0.058500  0.050200  0.866100 
 0.789590  0.000000  0.042263  0.168146 
 0.058500  0.025200  0.766200  0.150100 
 0.033503  0.891090  0.041904  0.033503 
 0.025200  0.907700  0.025200  0.041900 
 0.025859  0.974141  0.000000  0.000000 
 0.034076  0.914861  0.000000  0.051063 

MOTIF FASTKD2_1 
letter-probability matrix: alength= 4 w= 7 nsites= 20 E= 0
 0.000000  0.038036  0.054975  0.906989 
 0.000000  0.408474  0.549770  0.041756 
 0.500750  0.364464  0.048495  0.086291 
 0.051300  0.071800  0.773500  0.103400 
 0.040696  0.883711  0.030797  0.044796 
 0.048443  0.028191  0.000000  0.923367 
 0.000000  0.000000  0.520984  0.479016 

MOTIF FASTKD2_2 
letter-probability matrix: alength= 4 w= 7 nsites= 20 E= 0
 0.035304  0.771477  0.082008  0.111211 
 0.000000  0.000000  0.000000  1.000000 
 0.000000  0.000000  1.000000  0.000000 
 0.036825  0.000000  0.963175  0.000000 
 0.825993  0.066059  0.107948  0.000000 
 0.058694  0.847315  0.064494  0.029497 
 0.809204  0.107310  0.000000  0.083486 

MOTIF FASTKD2_3 
letter-probability matrix: alength= 4 w= 10 nsites= 20 E= 0
 0.238100  0.174700  0.174700  0.412500 
 0.190519  0.127113  0.269827  0.412541 
 0.080801  0.000000  0.822238  0.096961 
 0.000000  0.856756  0.095429  0.047815 
 0.000000  0.951403  0.000000  0.048597 
 0.032521  0.064736  0.000000  0.902743 
 0.761476  0.079508  0.047805  0.111211 
 0.000000  0.966935  0.000000  0.033065 
 0.840700  0.047800  0.032000  0.079500 
 0.269800  0.095400  0.254000  0.380800 

MOTIF FMR1_1 
letter-probability matrix: alength= 4 w= 10 nsites= 20 E= 0
 0.067415  0.000000  0.400581  0.532004 
 1.000000  0.000000  0.000000  0.000000 
 0.000000  0.000000  1.000000  0.000000 
 0.000000  0.932470  0.000000  0.067530 
 0.067530  0.000000  0.932470  0.000000 
 0.581053  0.000000  0.418947  0.000000 
 0.000000  1.000000  0.000000  0.000000 
 0.000000  0.000000  0.000000  1.000000 
 0.000000  0.000000  0.848606  0.151394 
 0.000000  0.000000  1.000000  0.000000 

MOTIF FMR1_2 
letter-probability matrix: alength= 4 w= 6 nsites= 20 E= 0
 0.000000  0.000000  1.000000  0.000000 
 1.000000  0.000000  0.000000  0.000000 
 0.000000  1.000000  0.000000  0.000000 
 0.795202  0.000000  0.204798  0.000000 
 0.499450  0.041696  0.417158  0.041696 
 0.133887  0.041696  0.782721  0.041696 

MOTIF FMR1_3 
letter-probability matrix: alength= 4 w= 10 nsites= 20 E= 0
 0.173517  0.260226  0.173517  0.392739 
 0.244900  0.229600  0.234700  0.290800 
 0.000000  0.864188  0.057490  0.078322 
 0.000000  0.528748  0.000000  0.471252 
 0.856585  0.051205  0.056306  0.035904 
 0.000000  0.968211  0.000000  0.031789 
 0.148100  0.749500  0.030800  0.071600 
 0.092000  0.035900  0.769900  0.102200 
 0.025708  0.066520  0.907772  0.000000 
 0.158300  0.382500  0.290800  0.168400 

MOTIF FMR1_4 
letter-probability matrix: alength= 4 w= 8 nsites= 20 E= 0
 0.081600  0.079200  0.730600  0.108600 
 0.000000  1.000000  0.000000  0.000000 
 0.056900  0.511100  0.032400  0.399600 
 0.043400  0.061500  0.839500  0.055600 
 0.000000  0.972312  0.000000  0.027688 
 0.389600  0.551600  0.028200  0.030600 
 0.126000  0.181900  0.180500  0.511600 
 0.074300  0.221600  0.577900  0.126200 

MOTIF FMR1_5 
letter-probability matrix: alength= 4 w= 12 nsites= 20 E= 0
 0.000000  0.000000  1.000000  0.000000 
 0.070978  0.000000  0.858044  0.070978 
 0.036075  0.000000  0.963925  0.000000 
 0.000000  1.000000  0.000000  0.000000 
 0.036040  0.000000  0.499449  0.464511 
 0.892993  0.000000  0.070971  0.036036 
 0.741894  0.071657  0.000000  0.186449 
 0.000000  0.000000  0.928285  0.071715 
 0.000000  0.000000  1.000000  0.000000 
 0.878129  0.000000  0.121871  0.000000 
 0.429573  0.000000  0.464511  0.105917 
 0.000000  0.105917  0.429573  0.464511 

MOTIF FTO_1 
letter-probability matrix: alength= 4 w= 8 nsites= 20 E= 0
 0.366636  0.000000  0.300030  0.333334 
 0.000000  0.033510  0.899670  0.066820 
 0.660834  0.000000  0.169583  0.169583 
 0.250075  0.000000  0.716415  0.033510 
 0.966484  0.033516  0.000000  0.000000 
 0.050200  0.866100  0.033500  0.050200 
 0.616485  0.183455  0.000000  0.200060 
 0.033507  0.000000  0.300060  0.666433 

MOTIF FTO_2 
letter-probability matrix: alength= 4 w= 11 nsites= 20 E= 0
 0.038696  0.269173  0.346065  0.346065 
 0.077108  0.153915  0.653465  0.115512 
 0.538200  0.307600  0.077100  0.077100 
 0.000000  0.000000  1.000000  0.000000 
 0.000000  0.922861  0.077139  0.000000 
 0.000000  0.038708  0.884177  0.077115 
 0.000000  0.807342  0.115535  0.077123 
 0.000000  0.038719  0.961281  0.000000 
 0.038708  0.922585  0.000000  0.038708 
 0.000000  0.307693  0.653596  0.038712 
 0.077100  0.422900  0.307600  0.192400 

MOTIF FUBP3_1 
letter-probability matrix: alength= 4 w= 7 nsites= 20 E= 0
 0.148300  0.062500  0.062200  0.727000 
 0.428992  0.000000  0.050386  0.520622 
 0.445798  0.000000  0.000000  0.554202 
 0.418061  0.000000  0.075816  0.506122 
 0.151347  0.000000  0.000000  0.848653 
 0.750869  0.000000  0.078173  0.170959 
 0.176800  0.066200  0.065800  0.691200 

MOTIF FUBP3_2 
letter-probability matrix: alength= 4 w= 11 nsites= 20 E= 0
 0.163116  0.095110  0.089909  0.651865 
 0.171400  0.068300  0.121900  0.638400 
 0.000000  0.000000  0.000000  1.000000 
 0.000000  0.000000  0.000000  1.000000 
 0.100501  0.000000  0.584792  0.314707 
 0.215139  0.000000  0.000000  0.784861 
 0.000000  0.000000  0.000000  1.000000 
 0.063106  0.035304  0.602360  0.299230 
 0.000000  0.000000  0.000000  1.000000 
 0.243576  0.067293  0.221878  0.467253 
 0.216800  0.136300  0.212600  0.434300 

MOTIF FUS_1 
letter-probability matrix: alength= 4 w= 7 nsites= 20 E= 0
 0.000000  0.000000  1.000000  0.000000 
 0.000000  0.000000  1.000000  0.000000 
 0.000000  0.000000  0.490251  0.509749 
 0.000000  0.000000  1.000000  0.000000 
 0.000000  0.000000  1.000000  0.000000 
 0.000000  0.509749  0.490251  0.000000 
 0.000000  0.000000  1.000000  0.000000 

MOTIF FUS_2 
letter-probability matrix: alength= 4 w= 7 nsites= 20 E= 0
 0.000000  0.000000  0.000000  1.000000 
 0.000000  0.000000  0.000000  1.000000 
 0.000000  0.000000  0.000000  1.000000 
 0.000000  0.000000  0.000000  1.000000 
 0.000000  0.000000  0.000000  1.000000 
 0.000000  0.000000  0.000000  1.000000 
 0.000000  0.000000  0.000000  1.000000 

MOTIF FXR1_1 
letter-probability matrix: alength= 4 w= 7 nsites= 20 E= 0
 0.533100  0.066100  0.091300  0.309500 
 0.000000  0.206044  0.000000  0.793956 
 0.000000  0.000000  0.972937  0.027063 
 0.952668  0.000000  0.047332  0.000000 
 0.077396  0.876372  0.046232  0.000000 
 0.736826  0.045690  0.217484  0.000000 
 0.330200  0.071700  0.076300  0.521800 

MOTIF FXR1_2 
letter-probability matrix: alength= 4 w= 9 nsites= 20 E= 0
 0.312400  0.130800  0.164900  0.391900 
 0.295400  0.147800  0.136500  0.420300 
 0.877482  0.029273  0.000000  0.093245 
 0.000000  0.000000  0.000000  1.000000 
 0.035115  0.000000  0.000000  0.964885 
 0.074007  0.494149  0.119412  0.312431 
 0.051305  0.096710  0.772277  0.079708 
 0.970887  0.000000  0.029113  0.000000 
 0.563202  0.000000  0.436798  0.000000 

MOTIF FXR2_1 
letter-probability matrix: alength= 4 w= 6 nsites= 20 E= 0
 0.000000  0.000000  1.000000  0.000000 
 1.000000  0.000000  0.000000  0.000000 
 0.000000  1.000000  0.000000  0.000000 
 0.405259  0.000000  0.594741  0.000000 
 0.485813  0.000000  0.514187  0.000000 
 0.236200  0.042000  0.679800  0.042000 

MOTIF FXR2_2 
letter-probability matrix: alength= 4 w= 7 nsites= 20 E= 0
 0.728873  0.049905  0.096810  0.124412 
 0.030865  0.000000  0.036414  0.932721 
 0.025105  0.000000  0.916683  0.058212 
 0.461146  0.044404  0.452845  0.041604 
 0.049905  0.855785  0.069207  0.025103 
 0.045288  0.926357  0.000000  0.028356 
 0.044400  0.830900  0.066500  0.058200 

MOTIF FXR2_3 
letter-probability matrix: alength= 4 w= 9 nsites= 20 E= 0
 0.000000  0.000000  0.000000  1.000000 
 0.035900  0.030000  0.065700  0.868400 
 0.030000  0.749500  0.113200  0.107300 
 0.083492  0.208379  0.666233  0.041896 
 0.000000  0.957830  0.042170  0.000000 
 0.000000  0.938058  0.000000  0.061942 
 0.000000  0.054803  0.945197  0.000000 
 0.148900  0.398700  0.291600  0.160800 
 0.160800  0.351100  0.315400  0.172700 

MOTIF FXR2_4 
letter-probability matrix: alength= 4 w= 7 nsites= 20 E= 0
 0.819382  0.036204  0.063206  0.081208 
 0.499900  0.454891  0.045209  0.000000 
 0.000000  1.000000  0.000000  0.000000 
 0.000000  0.000000  0.032446  0.967554 
 0.000000  0.027581  0.705232  0.267187 
 0.054205  0.774378  0.081208  0.090209 
 0.063206  0.045205  0.837384  0.054205 

MOTIF FXR2_5 
letter-probability matrix: alength= 4 w= 7 nsites= 20 E= 0
 0.128100  0.096200  0.671600  0.104100 
 0.000000  0.966159  0.000000  0.033841 
 0.032601  0.036651  0.000000  0.930748 
 0.942857  0.000000  0.057143  0.000000 
 0.000000  0.266667  0.000000  0.733333 
 0.000000  0.000000  0.958790  0.041210 
 0.966159  0.000000  0.033841  0.000000 

MOTIF G3BP1_1 
letter-probability matrix: alength= 4 w= 12 nsites= 20 E= 0
 1.000000  0.000000  0.000000  0.000000 
 0.000000  1.000000  0.000000  0.000000 
 0.000000  1.000000  0.000000  0.000000 
 0.000000  1.000000  0.000000  0.000000 
 0.500000  0.500000  0.000000  0.000000 
 0.000000  0.500000  0.000000  0.500000 
 0.500000  0.500000  0.000000  0.000000 
 0.000000  0.500000  0.500000  0.000000 
 0.000000  0.000000  1.000000  0.000000 
 0.000000  1.000000  0.000000  0.000000 
 0.500000  0.500000  0.000000  0.000000 
 0.000000  0.500000  0.500000  0.000000 

MOTIF G3BP1_2 
letter-probability matrix: alength= 4 w= 12 nsites= 20 E= 0
 1.000000  0.000000  0.000000  0.000000 
 0.000000  1.000000  0.000000  0.000000 
 0.000000  1.000000  0.000000  0.000000 
 0.000000  1.000000  0.000000  0.000000 
 0.500000  0.500000  0.000000  0.000000 
 0.000000  0.500000  0.000000  0.500000 
 0.500000  0.500000  0.000000  0.000000 
 0.000000  0.500000  0.500000  0.000000 
 0.000000  0.000000  1.000000  0.000000 
 0.000000  1.000000  0.000000  0.000000 
 0.500000  0.500000  0.000000  0.000000 
 0.000000  0.500000  0.500000  0.000000 

MOTIF GNL3_1 
letter-probability matrix: alength= 4 w= 10 nsites= 20 E= 0
 0.171429  0.057143  0.314286  0.457143 
 0.257143  0.000000  0.371429  0.371429 
 0.028571  0.771429  0.000000  0.200000 
 0.028571  0.028571  0.000000  0.942858 
 0.057143  0.028571  0.885715  0.028571 
 0.942858  0.000000  0.028571  0.028571 
 0.142857  0.000000  0.828572  0.028571 
 0.857144  0.028571  0.085714  0.028571 
 0.057143  0.828571  0.057143  0.057143 
 0.400000  0.171429  0.171429  0.257143 

MOTIF GNL3_2 
letter-probability matrix: alength= 4 w= 11 nsites= 20 E= 0
 0.230769  0.346154  0.115385  0.307692 
 0.307692  0.307692  0.115385  0.269231 
 0.961538  0.000000  0.038462  0.000000 
 0.384615  0.538461  0.038462  0.038462 
 0.923076  0.038462  0.000000  0.038462 
 0.000000  0.807692  0.000000  0.192308 
 0.000000  0.076923  0.038462  0.884615 
 0.000000  0.000000  0.000000  1.000000 
 0.038462  0.000000  0.923076  0.038462 
 0.307692  0.076923  0.076923  0.538462 
 0.423077  0.153846  0.269231  0.153846 

MOTIF GPKOW_1 
letter-probability matrix: alength= 4 w= 9 nsites= 20 E= 0
 0.138414  0.087009  0.043604  0.730973 
 0.067600  0.066500  0.035600  0.830300 
 0.000000  0.000000  0.000000  1.000000 
 0.000000  0.000000  0.000000  1.000000 
 0.039100  0.037900  0.040200  0.882800 
 0.059600  0.245700  0.181800  0.512900 
 0.884266  0.000000  0.000000  0.115734 
 0.095458  0.000000  0.864148  0.040394 
 0.418100  0.039100  0.463800  0.079000 

MOTIF GPKOW_2 
letter-probability matrix: alength= 4 w= 7 nsites= 20 E= 0
 0.687168  0.141314  0.085609  0.085909 
 0.963863  0.000000  0.000000  0.036137 
 0.061427  0.051020  0.887553  0.000000 
 0.430690  0.000000  0.523205  0.046105 
 0.092516  0.000000  0.035950  0.871535 
 0.529048  0.035396  0.400160  0.035396 
 0.744326  0.050195  0.090191  0.115288 

MOTIF GRSF1_1 
letter-probability matrix: alength= 4 w= 7 nsites= 20 E= 0
 0.000000  0.000000  1.000000  0.000000 
 0.000000  0.000000  1.000000  0.000000 
 0.000000  0.000000  1.000000  0.000000 
 0.537546  0.040796  0.229377  0.192281 
 0.051600  0.057300  0.148700  0.742400 
 0.000000  0.029310  0.935579  0.035111 
 0.057300  0.068800  0.200000  0.673900 

MOTIF GRSF1_2 
letter-probability matrix: alength= 4 w= 11 nsites= 20 E= 0
 0.161384  0.290271  0.419158  0.129187 
 0.225823  0.096910  0.483648  0.193619 
 0.000000  0.000000  1.000000  0.000000 
 0.032497  0.773622  0.129187  0.064694 
 0.000000  0.032507  0.032507  0.934987 
 0.677000  0.096900  0.129200  0.096900 
 0.000000  0.000000  0.967484  0.032516 
 0.032507  0.677135  0.290358  0.000000 
 0.000000  0.000000  1.000000  0.000000 
 0.290271  0.258074  0.386961  0.064694 
 0.096900  0.193600  0.515900  0.193600 

MOTIF GRWD1_1 
letter-probability matrix: alength= 4 w= 8 nsites= 20 E= 0
 0.190500  0.069400  0.097800  0.642300 
 0.042500  0.033700  0.841800  0.082000 
 0.063200  0.037500  0.871400  0.027900 
 0.860300  0.055200  0.047000  0.037500 
 0.046732  0.873855  0.079414  0.000000 
 0.655834  0.233477  0.036296  0.074393 
 0.385300  0.040600  0.054400  0.519700 
 0.075100  0.591500  0.230000  0.103400 

MOTIF GRWD1_2 
letter-probability matrix: alength= 4 w= 11 nsites= 20 E= 0
 0.256200  0.148500  0.169700  0.425600 
 0.183818  0.265027  0.399140  0.152015 
 0.849301  0.071805  0.078894  0.000000 
 0.923038  0.000000  0.032235  0.044727 
 0.000000  0.000000  1.000000  0.000000 
 0.898689  0.026703  0.037304  0.037304 
 0.896868  0.048863  0.000000  0.054269 
 0.072600  0.785700  0.097300  0.044400 
 0.067275  0.796739  0.000000  0.135986 
 0.183818  0.146715  0.113211  0.556256 
 0.100900  0.235000  0.284400  0.379700 

MOTIF GTF2F1_1 
letter-probability matrix: alength= 4 w= 11 nsites= 20 E= 0
 0.028066  0.029185  0.942749  0.000000 
 0.056606  0.041204  0.838084  0.064106 
 0.055506  0.027403  0.847284  0.069807 
 0.000000  0.000000  1.000000  0.000000 
 0.354300  0.259800  0.172200  0.213700 
 0.027555  0.000000  0.943775  0.028670 
 0.000000  0.000000  1.000000  0.000000 
 0.080500  0.083700  0.774200  0.061600 
 0.215000  0.092300  0.528100  0.164600 
 0.159479  0.029499  0.811022  0.000000 
 0.159884  0.127687  0.604340  0.108089 

MOTIF HLTF_1 
letter-probability matrix: alength= 4 w= 11 nsites= 20 E= 0
 0.381158  0.130510  0.157303  0.331029 
 0.331029  0.045808  0.273120  0.350043 
 0.073466  0.242005  0.659464  0.025065 
 0.916376  0.032230  0.051394  0.000000 
 0.885912  0.000000  0.048401  0.065687 
 0.103717  0.049265  0.805531  0.041487 
 0.745866  0.208877  0.045257  0.000000 
 0.885913  0.035436  0.035436  0.043215 
 0.768366  0.041487  0.108038  0.082109 
 0.312878  0.133103  0.211755  0.342264 
 0.261884  0.120138  0.268799  0.349179 

MOTIF HNRNPA1_1 
letter-probability matrix: alength= 4 w= 6 nsites= 20 E= 0
 1.000000  0.000000  0.000000  0.000000 
 0.039679  0.000000  0.960321  0.000000 
 0.000000  0.000000  1.000000  0.000000 
 0.685846  0.000000  0.174246  0.139908 
 0.601724  0.000000  0.398276  0.000000 
 0.000000  0.144476  0.855524  0.000000 

MOTIF HNRNPA1_2 
letter-probability matrix: alength= 4 w= 6 nsites= 20 E= 0
 0.000000  0.083096  0.000000  0.916904 
 1.000000  0.000000  0.000000  0.000000 
 0.000000  0.000000  1.000000  0.000000 
 0.000000  0.000000  0.862530  0.137470 
 0.100122  0.000000  0.806580  0.093298 
 0.517991  0.239988  0.000000  0.242021 

MOTIF HNRNPA1_3 
letter-probability matrix: alength= 4 w= 6 nsites= 20 E= 0
 0.000000  0.000000  0.000000  1.000000 
 1.000000  0.000000  0.000000  0.000000 
 0.000000  0.000000  1.000000  0.000000 
 0.806633  0.000000  0.193367  0.000000 
 0.000000  0.593898  0.208304  0.197798 
 0.397551  0.000000  0.000000  0.602449 

MOTIF HNRNPA1_4 
letter-probability matrix: alength= 4 w= 8 nsites= 20 E= 0
 0.891713  0.000000  0.108287  0.000000 
 0.031000  0.035700  0.896100  0.037200 
 0.653200  0.049400  0.064100  0.233300 
 0.051812  0.077309  0.000000  0.870879 
 0.969011  0.030989  0.000000  0.000000 
 0.000000  0.000000  0.813505  0.186495 
 0.381038  0.376438  0.179218  0.063306 
 0.723928  0.062194  0.147085  0.066793 

MOTIF HNRNPA1_5 
letter-probability matrix: alength= 4 w= 7 nsites= 20 E= 0
 0.745638  0.000000  0.254362  0.000000 
 0.000000  0.000000  0.000000  1.000000 
 0.000000  0.000000  0.000000  1.000000 
 0.000000  0.000000  0.000000  1.000000 
 1.000000  0.000000  0.000000  0.000000 
 0.000000  0.000000  0.335917  0.664083 
 0.663674  0.000000  0.000000  0.336326 

MOTIF HNRNPA1_6 
letter-probability matrix: alength= 4 w= 11 nsites= 20 E= 0
 0.104100  0.054200  0.782500  0.059200 
 0.083000  0.079500  0.521800  0.315700 
 0.877582  0.000000  0.030227  0.092192 
 0.032294  0.062026  0.905680  0.000000 
 0.082661  0.085685  0.000000  0.831653 
 0.366700  0.057000  0.540800  0.035500 
 0.000000  0.026534  0.973466  0.000000 
 0.000000  0.000000  0.040126  0.959874 
 0.000000  0.000000  1.000000  0.000000 
 0.000000  1.000000  0.000000  0.000000 
 0.000000  0.000000  1.000000  0.000000 

MOTIF HNRNPA1_7 
letter-probability matrix: alength= 4 w= 11 nsites= 20 E= 0
 0.211000  0.096700  0.480100  0.212200 
 0.237624  0.180518  0.398840  0.183018 
 0.964630  0.000000  0.000000  0.035370 
 0.030700  0.029400  0.878700  0.061200 
 0.061200  0.080200  0.070100  0.788500 
 0.030700  0.051000  0.079000  0.839300 
 0.087800  0.734000  0.072600  0.105600 
 1.000000  0.000000  0.000000  0.000000 
 0.000000  0.000000  1.000000  0.000000 
 0.177982  0.134787  0.534646  0.152585 
 0.279528  0.170317  0.415342  0.134813 

MOTIF HNRNPC_1 
letter-probability matrix: alength= 4 w= 7 nsites= 20 E= 0
 0.000000  0.000000  1.000000  0.000000 
 0.000000  0.000000  1.000000  0.000000 
 0.000000  0.000000  1.000000  0.000000 
 0.000000  0.000000  1.000000  0.000000 
 0.000000  0.000000  1.000000  0.000000 
 0.000000  0.000000  1.000000  0.000000 
 0.000000  0.000000  1.000000  0.000000 

MOTIF HNRNPC_2 
letter-probability matrix: alength= 4 w= 6 nsites= 20 E= 0
 0.000000  0.000000  1.000000  0.000000 
 0.000000  0.000000  1.000000  0.000000 
 1.000000  0.000000  0.000000  0.000000 
 0.000000  0.000000  0.000000  1.000000 
 1.000000  0.000000  0.000000  0.000000 
 0.000000  1.000000  0.000000  0.000000 

MOTIF HNRNPK_1 
letter-probability matrix: alength= 4 w= 6 nsites= 20 E= 0
 0.129600  0.510800  0.037800  0.321800 
 0.291429  0.119712  0.319732  0.269127 
 0.088300  0.087300  0.093100  0.731300 
 0.026722  0.937310  0.000000  0.035968 
 0.038143  0.961857  0.000000  0.000000 
 0.030524  0.928810  0.000000  0.040665 

MOTIF HNRNPK_2 
letter-probability matrix: alength= 4 w= 10 nsites= 20 E= 0
 0.027003  0.919191  0.026903  0.026903 
 0.482600  0.026900  0.463600  0.026900 
 0.000000  0.773686  0.000000  0.226314 
 0.000000  0.934325  0.000000  0.065675 
 0.921293  0.000000  0.078707  0.000000 
 0.000000  0.946274  0.000000  0.053726 
 0.153100  0.316000  0.487100  0.043800 
 0.000000  1.000000  0.000000  0.000000 
 0.584400  0.256000  0.131300  0.028300 
 0.106000  0.682500  0.105800  0.105700 

MOTIF HNRNPL_1 
letter-probability matrix: alength= 4 w= 7 nsites= 20 E= 0
 0.795300  0.067800  0.070100  0.066800 
 0.049739  0.873708  0.000000  0.076553 
 0.957997  0.000000  0.000000  0.042003 
 0.000000  0.254973  0.000000  0.745027 
 0.892136  0.000000  0.049412  0.058451 
 0.135200  0.629400  0.063300  0.172100 
 0.677600  0.124700  0.088300  0.109400 

MOTIF HNRNPL_2 
letter-probability matrix: alength= 4 w= 7 nsites= 20 E= 0
 0.033797  0.899109  0.033597  0.033497 
 1.000000  0.000000  0.000000  0.000000 
 0.122088  0.316668  0.031397  0.529847 
 0.162332  0.226645  0.000000  0.611022 
 0.940970  0.000000  0.000000  0.059030 
 0.072393  0.783621  0.072093  0.071893 
 0.714429  0.095390  0.095190  0.094991 

MOTIF HNRNPL_3 
letter-probability matrix: alength= 4 w= 7 nsites= 20 E= 0
 1.000000  0.000000  0.000000  0.000000 
